video_id,source_video,target_video,segment_id,start_frame,end_frame,label,IsFlip
person01_boxing_d1,person01_boxing_d1_uncomp.avi,person01_boxing_d1_s0_boxing_original.avi,0,1,95,boxing,F
person01_boxing_d1,person01_boxing_d1_uncomp.avi,person01_boxing_d1_s0_boxing_flip.avi,0,1,95,boxing,T
person01_boxing_d1,person01_boxing_d1_uncomp.avi,person01_boxing_d1_s1_boxing_original.avi,1,96,185,boxing,F
person01_boxing_d1,person01_boxing_d1_uncomp.avi,person01_boxing_d1_s1_boxing_flip.avi,1,96,185,boxing,T
person01_boxing_d1,person01_boxing_d1_uncomp.avi,person01_boxing_d1_s2_boxing_original.avi,2,186,245,boxing,F
person01_boxing_d1,person01_boxing_d1_uncomp.avi,person01_boxing_d1_s2_boxing_flip.avi,2,186,245,boxing,T
person01_boxing_d1,person01_boxing_d1_uncomp.avi,person01_boxing_d1_s3_boxing_original.avi,3,246,360,boxing,F
person01_boxing_d1,person01_boxing_d1_uncomp.avi,person01_boxing_d1_s3_boxing_flip.avi,3,246,360,boxing,T
person01_boxing_d2,person01_boxing_d2_uncomp.avi,person01_boxing_d2_s0_boxing_original.avi,0,1,106,boxing,F
person01_boxing_d2,person01_boxing_d2_uncomp.avi,person01_boxing_d2_s0_boxing_flip.avi,0,1,106,boxing,T
person01_boxing_d2,person01_boxing_d2_uncomp.avi,person01_boxing_d2_s1_boxing_original.avi,1,107,195,boxing,F
person01_boxing_d2,person01_boxing_d2_uncomp.avi,person01_boxing_d2_s1_boxing_flip.avi,1,107,195,boxing,T
person01_boxing_d2,person01_boxing_d2_uncomp.avi,person01_boxing_d2_s2_boxing_original.avi,2,196,265,boxing,F
person01_boxing_d2,person01_boxing_d2_uncomp.avi,person01_boxing_d2_s2_boxing_flip.avi,2,196,265,boxing,T
person01_boxing_d2,person01_boxing_d2_uncomp.avi,person01_empty_d2_s0_boxing_original.avi,3,266,304,empty,F
person01_boxing_d2,person01_boxing_d2_uncomp.avi,person01_empty_d2_s0_boxing_flip.avi,3,266,304,empty,T
person01_boxing_d2,person01_boxing_d2_uncomp.avi,person01_boxing_d2_s3_boxing_original.avi,4,305,390,boxing,F
person01_boxing_d2,person01_boxing_d2_uncomp.avi,person01_boxing_d2_s3_boxing_flip.avi,4,305,390,boxing,T
person01_boxing_d3,person01_boxing_d3_uncomp.avi,person01_boxing_d3_s0_boxing_original.avi,0,1,95,boxing,F
person01_boxing_d3,person01_boxing_d3_uncomp.avi,person01_boxing_d3_s0_boxing_flip.avi,0,1,95,boxing,T
person01_boxing_d3,person01_boxing_d3_uncomp.avi,person01_boxing_d3_s1_boxing_original.avi,1,96,230,boxing,F
person01_boxing_d3,person01_boxing_d3_uncomp.avi,person01_boxing_d3_s1_boxing_flip.avi,1,96,230,boxing,T
person01_boxing_d3,person01_boxing_d3_uncomp.avi,person01_boxing_d3_s2_boxing_original.avi,2,231,360,boxing,F
person01_boxing_d3,person01_boxing_d3_uncomp.avi,person01_boxing_d3_s2_boxing_flip.avi,2,231,360,boxing,T
person01_boxing_d3,person01_boxing_d3_uncomp.avi,person01_boxing_d3_s3_boxing_original.avi,3,361,465,boxing,F
person01_boxing_d3,person01_boxing_d3_uncomp.avi,person01_boxing_d3_s3_boxing_flip.avi,3,361,465,boxing,T
person01_boxing_d4,person01_boxing_d4_uncomp.avi,person01_boxing_d4_s0_boxing_original.avi,0,1,106,boxing,F
person01_boxing_d4,person01_boxing_d4_uncomp.avi,person01_boxing_d4_s0_boxing_flip.avi,0,1,106,boxing,T
person01_boxing_d4,person01_boxing_d4_uncomp.avi,person01_boxing_d4_s1_boxing_original.avi,1,107,170,boxing,F
person01_boxing_d4,person01_boxing_d4_uncomp.avi,person01_boxing_d4_s1_boxing_flip.avi,1,107,170,boxing,T
person01_boxing_d4,person01_boxing_d4_uncomp.avi,person01_boxing_d4_s2_boxing_original.avi,2,171,245,boxing,F
person01_boxing_d4,person01_boxing_d4_uncomp.avi,person01_boxing_d4_s2_boxing_flip.avi,2,171,245,boxing,T
person01_boxing_d4,person01_boxing_d4_uncomp.avi,person01_boxing_d4_s3_boxing_original.avi,3,246,370,boxing,F
person01_boxing_d4,person01_boxing_d4_uncomp.avi,person01_boxing_d4_s3_boxing_flip.avi,3,246,370,boxing,T
person01_handclapping_d1,person01_handclapping_d1_uncomp.avi,person01_handclapping_d1_s0_handclapping_original.avi,0,1,102,handclapping,F
person01_handclapping_d1,person01_handclapping_d1_uncomp.avi,person01_handclapping_d1_s0_handclapping_flip.avi,0,1,102,handclapping,T
person01_handclapping_d1,person01_handclapping_d1_uncomp.avi,person01_handclapping_d1_s1_handclapping_original.avi,1,103,182,handclapping,F
person01_handclapping_d1,person01_handclapping_d1_uncomp.avi,person01_handclapping_d1_s1_handclapping_flip.avi,1,103,182,handclapping,T
person01_handclapping_d1,person01_handclapping_d1_uncomp.avi,person01_handclapping_d1_s2_handclapping_original.avi,2,183,260,handclapping,F
person01_handclapping_d1,person01_handclapping_d1_uncomp.avi,person01_handclapping_d1_s2_handclapping_flip.avi,2,183,260,handclapping,T
person01_handclapping_d1,person01_handclapping_d1_uncomp.avi,person01_handclapping_d1_s3_handclapping_original.avi,3,261,378,handclapping,F
person01_handclapping_d1,person01_handclapping_d1_uncomp.avi,person01_handclapping_d1_s3_handclapping_flip.avi,3,261,378,handclapping,T
person01_handclapping_d2,person01_handclapping_d2_uncomp.avi,person01_handclapping_d2_s0_handclapping_original.avi,0,1,162,handclapping,F
person01_handclapping_d2,person01_handclapping_d2_uncomp.avi,person01_handclapping_d2_s0_handclapping_flip.avi,0,1,162,handclapping,T
person01_handclapping_d2,person01_handclapping_d2_uncomp.avi,person01_handclapping_d2_s1_handclapping_original.avi,1,163,282,handclapping,F
person01_handclapping_d2,person01_handclapping_d2_uncomp.avi,person01_handclapping_d2_s1_handclapping_flip.avi,1,163,282,handclapping,T
person01_handclapping_d2,person01_handclapping_d2_uncomp.avi,person01_empty_d2_s0_handclapping_original.avi,2,283,357,empty,F
person01_handclapping_d2,person01_handclapping_d2_uncomp.avi,person01_empty_d2_s0_handclapping_flip.avi,2,283,357,empty,T
person01_handclapping_d2,person01_handclapping_d2_uncomp.avi,person01_handclapping_d2_s2_handclapping_original.avi,3,358,472,handclapping,F
person01_handclapping_d2,person01_handclapping_d2_uncomp.avi,person01_handclapping_d2_s2_handclapping_flip.avi,3,358,472,handclapping,T
person01_handclapping_d2,person01_handclapping_d2_uncomp.avi,person01_handclapping_d2_s3_handclapping_original.avi,4,473,550,handclapping,F
person01_handclapping_d2,person01_handclapping_d2_uncomp.avi,person01_handclapping_d2_s3_handclapping_flip.avi,4,473,550,handclapping,T
person01_handclapping_d3,person01_handclapping_d3_uncomp.avi,person01_handclapping_d3_s0_handclapping_original.avi,0,1,125,handclapping,F
person01_handclapping_d3,person01_handclapping_d3_uncomp.avi,person01_handclapping_d3_s0_handclapping_flip.avi,0,1,125,handclapping,T
person01_handclapping_d3,person01_handclapping_d3_uncomp.avi,person01_handclapping_d3_s1_handclapping_original.avi,1,126,225,handclapping,F
person01_handclapping_d3,person01_handclapping_d3_uncomp.avi,person01_handclapping_d3_s1_handclapping_flip.avi,1,126,225,handclapping,T
person01_handclapping_d3,person01_handclapping_d3_uncomp.avi,person01_handclapping_d3_s2_handclapping_original.avi,2,226,330,handclapping,F
person01_handclapping_d3,person01_handclapping_d3_uncomp.avi,person01_handclapping_d3_s2_handclapping_flip.avi,2,226,330,handclapping,T
person01_handclapping_d3,person01_handclapping_d3_uncomp.avi,person01_handclapping_d3_s3_handclapping_original.avi,3,331,428,handclapping,F
person01_handclapping_d3,person01_handclapping_d3_uncomp.avi,person01_handclapping_d3_s3_handclapping_flip.avi,3,331,428,handclapping,T
person01_handclapping_d4,person01_handclapping_d4_uncomp.avi,person01_handclapping_d4_s0_handclapping_original.avi,0,1,110,handclapping,F
person01_handclapping_d4,person01_handclapping_d4_uncomp.avi,person01_handclapping_d4_s0_handclapping_flip.avi,0,1,110,handclapping,T
person01_handclapping_d4,person01_handclapping_d4_uncomp.avi,person01_handclapping_d4_s1_handclapping_original.avi,1,111,216,handclapping,F
person01_handclapping_d4,person01_handclapping_d4_uncomp.avi,person01_handclapping_d4_s1_handclapping_flip.avi,1,111,216,handclapping,T
person01_handclapping_d4,person01_handclapping_d4_uncomp.avi,person01_handclapping_d4_s2_handclapping_original.avi,2,217,292,handclapping,F
person01_handclapping_d4,person01_handclapping_d4_uncomp.avi,person01_handclapping_d4_s2_handclapping_flip.avi,2,217,292,handclapping,T
person01_handclapping_d4,person01_handclapping_d4_uncomp.avi,person01_handclapping_d4_s3_handclapping_original.avi,3,293,390,handclapping,F
person01_handclapping_d4,person01_handclapping_d4_uncomp.avi,person01_handclapping_d4_s3_handclapping_flip.avi,3,293,390,handclapping,T
person01_handwaving_d1,person01_handwaving_d1_uncomp.avi,person01_handwaving_d1_s0_handwaving_original.avi,0,1,112,handwaving,F
person01_handwaving_d1,person01_handwaving_d1_uncomp.avi,person01_handwaving_d1_s0_handwaving_flip.avi,0,1,112,handwaving,T
person01_handwaving_d1,person01_handwaving_d1_uncomp.avi,person01_handwaving_d1_s1_handwaving_original.avi,1,113,220,handwaving,F
person01_handwaving_d1,person01_handwaving_d1_uncomp.avi,person01_handwaving_d1_s1_handwaving_flip.avi,1,113,220,handwaving,T
person01_handwaving_d1,person01_handwaving_d1_uncomp.avi,person01_handwaving_d1_s2_handwaving_original.avi,2,221,360,handwaving,F
person01_handwaving_d1,person01_handwaving_d1_uncomp.avi,person01_handwaving_d1_s2_handwaving_flip.avi,2,221,360,handwaving,T
person01_handwaving_d1,person01_handwaving_d1_uncomp.avi,person01_handwaving_d1_s3_handwaving_original.avi,3,361,468,handwaving,F
person01_handwaving_d1,person01_handwaving_d1_uncomp.avi,person01_handwaving_d1_s3_handwaving_flip.avi,3,361,468,handwaving,T
person01_handwaving_d2,person01_handwaving_d2_uncomp.avi,person01_handwaving_d2_s0_handwaving_original.avi,0,1,115,handwaving,F
person01_handwaving_d2,person01_handwaving_d2_uncomp.avi,person01_handwaving_d2_s0_handwaving_flip.avi,0,1,115,handwaving,T
person01_handwaving_d2,person01_handwaving_d2_uncomp.avi,person01_handwaving_d2_s1_handwaving_original.avi,1,116,215,handwaving,F
person01_handwaving_d2,person01_handwaving_d2_uncomp.avi,person01_handwaving_d2_s1_handwaving_flip.avi,1,116,215,handwaving,T
person01_handwaving_d2,person01_handwaving_d2_uncomp.avi,person01_handwaving_d2_s2_handwaving_original.avi,2,216,315,handwaving,F
person01_handwaving_d2,person01_handwaving_d2_uncomp.avi,person01_handwaving_d2_s2_handwaving_flip.avi,2,216,315,handwaving,T
person01_handwaving_d2,person01_handwaving_d2_uncomp.avi,person01_empty_d2_s0_handwaving_original.avi,3,316,565,empty,F
person01_handwaving_d2,person01_handwaving_d2_uncomp.avi,person01_empty_d2_s0_handwaving_flip.avi,3,316,565,empty,T
person01_handwaving_d2,person01_handwaving_d2_uncomp.avi,person01_handwaving_d2_s3_handwaving_original.avi,4,566,656,handwaving,F
person01_handwaving_d2,person01_handwaving_d2_uncomp.avi,person01_handwaving_d2_s3_handwaving_flip.avi,4,566,656,handwaving,T
person01_handwaving_d3,person01_handwaving_d3_uncomp.avi,person01_handwaving_d3_s0_handwaving_original.avi,0,1,112,handwaving,F
person01_handwaving_d3,person01_handwaving_d3_uncomp.avi,person01_handwaving_d3_s0_handwaving_flip.avi,0,1,112,handwaving,T
person01_handwaving_d3,person01_handwaving_d3_uncomp.avi,person01_handwaving_d3_s1_handwaving_original.avi,1,113,252,handwaving,F
person01_handwaving_d3,person01_handwaving_d3_uncomp.avi,person01_handwaving_d3_s1_handwaving_flip.avi,1,113,252,handwaving,T
person01_handwaving_d3,person01_handwaving_d3_uncomp.avi,person01_handwaving_d3_s2_handwaving_original.avi,2,253,356,handwaving,F
person01_handwaving_d3,person01_handwaving_d3_uncomp.avi,person01_handwaving_d3_s2_handwaving_flip.avi,2,253,356,handwaving,T
person01_handwaving_d3,person01_handwaving_d3_uncomp.avi,person01_handwaving_d3_s3_handwaving_original.avi,3,357,456,handwaving,F
person01_handwaving_d3,person01_handwaving_d3_uncomp.avi,person01_handwaving_d3_s3_handwaving_flip.avi,3,357,456,handwaving,T
person01_handwaving_d4,person01_handwaving_d4_uncomp.avi,person01_handwaving_d4_s0_handwaving_original.avi,0,1,135,handwaving,F
person01_handwaving_d4,person01_handwaving_d4_uncomp.avi,person01_handwaving_d4_s0_handwaving_flip.avi,0,1,135,handwaving,T
person01_handwaving_d4,person01_handwaving_d4_uncomp.avi,person01_handwaving_d4_s1_handwaving_original.avi,1,136,248,handwaving,F
person01_handwaving_d4,person01_handwaving_d4_uncomp.avi,person01_handwaving_d4_s1_handwaving_flip.avi,1,136,248,handwaving,T
person01_handwaving_d4,person01_handwaving_d4_uncomp.avi,person01_handwaving_d4_s2_handwaving_original.avi,2,249,355,handwaving,F
person01_handwaving_d4,person01_handwaving_d4_uncomp.avi,person01_handwaving_d4_s2_handwaving_flip.avi,2,249,355,handwaving,T
person01_handwaving_d4,person01_handwaving_d4_uncomp.avi,person01_handwaving_d4_s3_handwaving_original.avi,3,356,490,handwaving,F
person01_handwaving_d4,person01_handwaving_d4_uncomp.avi,person01_handwaving_d4_s3_handwaving_flip.avi,3,356,490,handwaving,T
person01_jogging_d1,person01_jogging_d1_uncomp.avi,person01_jogging_d1_s0_jogging_original.avi,0,1,50,jogging,F
person01_jogging_d1,person01_jogging_d1_uncomp.avi,person01_jogging_d1_s0_jogging_flip.avi,0,1,50,jogging,T
person01_jogging_d1,person01_jogging_d1_uncomp.avi,person01_empty_d1_s0_jogging_original.avi,1,51,119,empty,F
person01_jogging_d1,person01_jogging_d1_uncomp.avi,person01_empty_d1_s0_jogging_flip.avi,1,51,119,empty,T
person01_jogging_d1,person01_jogging_d1_uncomp.avi,person01_jogging_d1_s1_jogging_original.avi,2,120,170,jogging,F
person01_jogging_d1,person01_jogging_d1_uncomp.avi,person01_jogging_d1_s1_jogging_flip.avi,2,120,170,jogging,T
person01_jogging_d1,person01_jogging_d1_uncomp.avi,person01_empty_d1_s1_jogging_original.avi,3,171,249,empty,F
person01_jogging_d1,person01_jogging_d1_uncomp.avi,person01_empty_d1_s1_jogging_flip.avi,3,171,249,empty,T
person01_jogging_d1,person01_jogging_d1_uncomp.avi,person01_jogging_d1_s2_jogging_original.avi,4,250,300,jogging,F
person01_jogging_d1,person01_jogging_d1_uncomp.avi,person01_jogging_d1_s2_jogging_flip.avi,4,250,300,jogging,T
person01_jogging_d1,person01_jogging_d1_uncomp.avi,person01_empty_d1_s2_jogging_original.avi,5,301,361,empty,F
person01_jogging_d1,person01_jogging_d1_uncomp.avi,person01_empty_d1_s2_jogging_flip.avi,5,301,361,empty,T
person01_jogging_d1,person01_jogging_d1_uncomp.avi,person01_jogging_d1_s3_jogging_original.avi,6,362,415,jogging,F
person01_jogging_d1,person01_jogging_d1_uncomp.avi,person01_jogging_d1_s3_jogging_flip.avi,6,362,415,jogging,T
person01_jogging_d2,person01_jogging_d2_uncomp.avi,person01_jogging_d2_s0_jogging_original.avi,0,1,75,jogging,F
person01_jogging_d2,person01_jogging_d2_uncomp.avi,person01_jogging_d2_s0_jogging_flip.avi,0,1,75,jogging,T
person01_jogging_d2,person01_jogging_d2_uncomp.avi,person01_empty_d2_s0_jogging_original.avi,1,76,107,empty,F
person01_jogging_d2,person01_jogging_d2_uncomp.avi,person01_empty_d2_s0_jogging_flip.avi,1,76,107,empty,T
person01_jogging_d2,person01_jogging_d2_uncomp.avi,person01_jogging_d2_s1_jogging_original.avi,2,108,180,jogging,F
person01_jogging_d2,person01_jogging_d2_uncomp.avi,person01_jogging_d2_s1_jogging_flip.avi,2,108,180,jogging,T
person01_jogging_d2,person01_jogging_d2_uncomp.avi,person01_empty_d2_s1_jogging_original.avi,3,181,244,empty,F
person01_jogging_d2,person01_jogging_d2_uncomp.avi,person01_empty_d2_s1_jogging_flip.avi,3,181,244,empty,T
person01_jogging_d2,person01_jogging_d2_uncomp.avi,person01_jogging_d2_s2_jogging_original.avi,4,245,315,jogging,F
person01_jogging_d2,person01_jogging_d2_uncomp.avi,person01_jogging_d2_s2_jogging_flip.avi,4,245,315,jogging,T
person01_jogging_d2,person01_jogging_d2_uncomp.avi,person01_empty_d2_s2_jogging_original.avi,5,316,359,empty,F
person01_jogging_d2,person01_jogging_d2_uncomp.avi,person01_empty_d2_s2_jogging_flip.avi,5,316,359,empty,T
person01_jogging_d2,person01_jogging_d2_uncomp.avi,person01_jogging_d2_s3_jogging_original.avi,6,360,425,jogging,F
person01_jogging_d2,person01_jogging_d2_uncomp.avi,person01_jogging_d2_s3_jogging_flip.avi,6,360,425,jogging,T
person01_jogging_d3,person01_jogging_d3_uncomp.avi,person01_jogging_d3_s0_jogging_original.avi,0,1,50,jogging,F
person01_jogging_d3,person01_jogging_d3_uncomp.avi,person01_jogging_d3_s0_jogging_flip.avi,0,1,50,jogging,T
person01_jogging_d3,person01_jogging_d3_uncomp.avi,person01_empty_d3_s0_jogging_original.avi,1,51,114,empty,F
person01_jogging_d3,person01_jogging_d3_uncomp.avi,person01_empty_d3_s0_jogging_flip.avi,1,51,114,empty,T
person01_jogging_d3,person01_jogging_d3_uncomp.avi,person01_jogging_d3_s1_jogging_original.avi,2,115,164,jogging,F
person01_jogging_d3,person01_jogging_d3_uncomp.avi,person01_jogging_d3_s1_jogging_flip.avi,2,115,164,jogging,T
person01_jogging_d3,person01_jogging_d3_uncomp.avi,person01_empty_d3_s1_jogging_original.avi,3,165,253,empty,F
person01_jogging_d3,person01_jogging_d3_uncomp.avi,person01_empty_d3_s1_jogging_flip.avi,3,165,253,empty,T
person01_jogging_d3,person01_jogging_d3_uncomp.avi,person01_jogging_d3_s2_jogging_original.avi,4,254,300,jogging,F
person01_jogging_d3,person01_jogging_d3_uncomp.avi,person01_jogging_d3_s2_jogging_flip.avi,4,254,300,jogging,T
person01_jogging_d3,person01_jogging_d3_uncomp.avi,person01_empty_d3_s2_jogging_original.avi,5,301,359,empty,F
person01_jogging_d3,person01_jogging_d3_uncomp.avi,person01_empty_d3_s2_jogging_flip.avi,5,301,359,empty,T
person01_jogging_d3,person01_jogging_d3_uncomp.avi,person01_jogging_d3_s3_jogging_original.avi,6,360,405,jogging,F
person01_jogging_d3,person01_jogging_d3_uncomp.avi,person01_jogging_d3_s3_jogging_flip.avi,6,360,405,jogging,T
person01_jogging_d4,person01_jogging_d4_uncomp.avi,person01_jogging_d4_s0_jogging_original.avi,0,1,70,jogging,F
person01_jogging_d4,person01_jogging_d4_uncomp.avi,person01_jogging_d4_s0_jogging_flip.avi,0,1,70,jogging,T
person01_jogging_d4,person01_jogging_d4_uncomp.avi,person01_empty_d4_s0_jogging_original.avi,1,71,105,empty,F
person01_jogging_d4,person01_jogging_d4_uncomp.avi,person01_empty_d4_s0_jogging_flip.avi,1,71,105,empty,T
person01_jogging_d4,person01_jogging_d4_uncomp.avi,person01_jogging_d4_s1_jogging_original.avi,2,106,172,jogging,F
person01_jogging_d4,person01_jogging_d4_uncomp.avi,person01_jogging_d4_s1_jogging_flip.avi,2,106,172,jogging,T
person01_jogging_d4,person01_jogging_d4_uncomp.avi,person01_empty_d4_s1_jogging_original.avi,3,173,199,empty,F
person01_jogging_d4,person01_jogging_d4_uncomp.avi,person01_empty_d4_s1_jogging_flip.avi,3,173,199,empty,T
person01_jogging_d4,person01_jogging_d4_uncomp.avi,person01_jogging_d4_s2_jogging_original.avi,4,200,265,jogging,F
person01_jogging_d4,person01_jogging_d4_uncomp.avi,person01_jogging_d4_s2_jogging_flip.avi,4,200,265,jogging,T
person01_jogging_d4,person01_jogging_d4_uncomp.avi,person01_empty_d4_s2_jogging_original.avi,5,266,291,empty,F
person01_jogging_d4,person01_jogging_d4_uncomp.avi,person01_empty_d4_s2_jogging_flip.avi,5,266,291,empty,T
person01_jogging_d4,person01_jogging_d4_uncomp.avi,person01_jogging_d4_s3_jogging_original.avi,6,292,362,jogging,F
person01_jogging_d4,person01_jogging_d4_uncomp.avi,person01_jogging_d4_s3_jogging_flip.avi,6,292,362,jogging,T
person01_running_d1,person01_running_d1_uncomp.avi,person01_running_d1_s0_running_original.avi,0,1,35,running,F
person01_running_d1,person01_running_d1_uncomp.avi,person01_running_d1_s0_running_flip.avi,0,1,35,running,T
person01_running_d1,person01_running_d1_uncomp.avi,person01_empty_d1_s0_running_original.avi,1,36,94,empty,F
person01_running_d1,person01_running_d1_uncomp.avi,person01_empty_d1_s0_running_flip.avi,1,36,94,empty,T
person01_running_d1,person01_running_d1_uncomp.avi,person01_running_d1_s1_running_original.avi,2,95,130,running,F
person01_running_d1,person01_running_d1_uncomp.avi,person01_running_d1_s1_running_flip.avi,2,95,130,running,T
person01_running_d1,person01_running_d1_uncomp.avi,person01_empty_d1_s1_running_original.avi,3,131,201,empty,F
person01_running_d1,person01_running_d1_uncomp.avi,person01_empty_d1_s1_running_flip.avi,3,131,201,empty,T
person01_running_d1,person01_running_d1_uncomp.avi,person01_running_d1_s2_running_original.avi,4,202,235,running,F
person01_running_d1,person01_running_d1_uncomp.avi,person01_running_d1_s2_running_flip.avi,4,202,235,running,T
person01_running_d1,person01_running_d1_uncomp.avi,person01_empty_d1_s2_running_original.avi,5,236,294,empty,F
person01_running_d1,person01_running_d1_uncomp.avi,person01_empty_d1_s2_running_flip.avi,5,236,294,empty,T
person01_running_d1,person01_running_d1_uncomp.avi,person01_running_d1_s3_running_original.avi,6,295,335,running,F
person01_running_d1,person01_running_d1_uncomp.avi,person01_running_d1_s3_running_flip.avi,6,295,335,running,T
person01_running_d2,person01_running_d2_uncomp.avi,person01_running_d2_s0_running_original.avi,0,1,55,running,F
person01_running_d2,person01_running_d2_uncomp.avi,person01_running_d2_s0_running_flip.avi,0,1,55,running,T
person01_running_d2,person01_running_d2_uncomp.avi,person01_empty_d2_s0_running_original.avi,1,56,89,empty,F
person01_running_d2,person01_running_d2_uncomp.avi,person01_empty_d2_s0_running_flip.avi,1,56,89,empty,T
person01_running_d2,person01_running_d2_uncomp.avi,person01_running_d2_s1_running_original.avi,2,90,145,running,F
person01_running_d2,person01_running_d2_uncomp.avi,person01_running_d2_s1_running_flip.avi,2,90,145,running,T
person01_running_d2,person01_running_d2_uncomp.avi,person01_empty_d2_s1_running_original.avi,3,146,211,empty,F
person01_running_d2,person01_running_d2_uncomp.avi,person01_empty_d2_s1_running_flip.avi,3,146,211,empty,T
person01_running_d2,person01_running_d2_uncomp.avi,person01_running_d2_s2_running_original.avi,4,212,260,running,F
person01_running_d2,person01_running_d2_uncomp.avi,person01_running_d2_s2_running_flip.avi,4,212,260,running,T
person01_running_d2,person01_running_d2_uncomp.avi,person01_empty_d2_s2_running_original.avi,5,261,309,empty,F
person01_running_d2,person01_running_d2_uncomp.avi,person01_empty_d2_s2_running_flip.avi,5,261,309,empty,T
person01_running_d2,person01_running_d2_uncomp.avi,person01_running_d2_s3_running_original.avi,6,310,365,running,F
person01_running_d2,person01_running_d2_uncomp.avi,person01_running_d2_s3_running_flip.avi,6,310,365,running,T
person01_running_d3,person01_running_d3_uncomp.avi,person01_running_d3_s0_running_original.avi,0,1,30,running,F
person01_running_d3,person01_running_d3_uncomp.avi,person01_running_d3_s0_running_flip.avi,0,1,30,running,T
person01_running_d3,person01_running_d3_uncomp.avi,person01_empty_d3_s0_running_original.avi,1,31,97,empty,F
person01_running_d3,person01_running_d3_uncomp.avi,person01_empty_d3_s0_running_flip.avi,1,31,97,empty,T
person01_running_d3,person01_running_d3_uncomp.avi,person01_running_d3_s1_running_original.avi,2,98,135,running,F
person01_running_d3,person01_running_d3_uncomp.avi,person01_running_d3_s1_running_flip.avi,2,98,135,running,T
person01_running_d3,person01_running_d3_uncomp.avi,person01_empty_d3_s1_running_original.avi,3,136,209,empty,F
person01_running_d3,person01_running_d3_uncomp.avi,person01_empty_d3_s1_running_flip.avi,3,136,209,empty,T
person01_running_d3,person01_running_d3_uncomp.avi,person01_running_d3_s2_running_original.avi,4,210,250,running,F
person01_running_d3,person01_running_d3_uncomp.avi,person01_running_d3_s2_running_flip.avi,4,210,250,running,T
person01_running_d3,person01_running_d3_uncomp.avi,person01_empty_d3_s2_running_original.avi,5,251,311,empty,F
person01_running_d3,person01_running_d3_uncomp.avi,person01_empty_d3_s2_running_flip.avi,5,251,311,empty,T
person01_running_d3,person01_running_d3_uncomp.avi,person01_running_d3_s3_running_original.avi,6,312,350,running,F
person01_running_d3,person01_running_d3_uncomp.avi,person01_running_d3_s3_running_flip.avi,6,312,350,running,T
person01_running_d4,person01_running_d4_uncomp.avi,person01_running_d4_s0_running_original.avi,0,1,45,running,F
person01_running_d4,person01_running_d4_uncomp.avi,person01_running_d4_s0_running_flip.avi,0,1,45,running,T
person01_running_d4,person01_running_d4_uncomp.avi,person01_empty_d4_s0_running_original.avi,1,46,64,empty,F
person01_running_d4,person01_running_d4_uncomp.avi,person01_empty_d4_s0_running_flip.avi,1,46,64,empty,T
person01_running_d4,person01_running_d4_uncomp.avi,person01_running_d4_s1_running_original.avi,2,65,110,running,F
person01_running_d4,person01_running_d4_uncomp.avi,person01_running_d4_s1_running_flip.avi,2,65,110,running,T
person01_running_d4,person01_running_d4_uncomp.avi,person01_empty_d4_s1_running_original.avi,3,111,141,empty,F
person01_running_d4,person01_running_d4_uncomp.avi,person01_empty_d4_s1_running_flip.avi,3,111,141,empty,T
person01_running_d4,person01_running_d4_uncomp.avi,person01_running_d4_s2_running_original.avi,4,142,190,running,F
person01_running_d4,person01_running_d4_uncomp.avi,person01_running_d4_s2_running_flip.avi,4,142,190,running,T
person01_running_d4,person01_running_d4_uncomp.avi,person01_empty_d4_s2_running_original.avi,5,191,485,empty,F
person01_running_d4,person01_running_d4_uncomp.avi,person01_empty_d4_s2_running_flip.avi,5,191,485,empty,T
person01_running_d4,person01_running_d4_uncomp.avi,person01_running_d4_s3_running_original.avi,6,486,530,running,F
person01_running_d4,person01_running_d4_uncomp.avi,person01_running_d4_s3_running_flip.avi,6,486,530,running,T
person01_walking_d1,person01_walking_d1_uncomp.avi,person01_walking_d1_s0_walking_original.avi,0,1,75,walking,F
person01_walking_d1,person01_walking_d1_uncomp.avi,person01_walking_d1_s0_walking_flip.avi,0,1,75,walking,T
person01_walking_d1,person01_walking_d1_uncomp.avi,person01_empty_d1_s0_walking_original.avi,1,76,151,empty,F
person01_walking_d1,person01_walking_d1_uncomp.avi,person01_empty_d1_s0_walking_flip.avi,1,76,151,empty,T
person01_walking_d1,person01_walking_d1_uncomp.avi,person01_walking_d1_s1_walking_original.avi,2,152,225,walking,F
person01_walking_d1,person01_walking_d1_uncomp.avi,person01_walking_d1_s1_walking_flip.avi,2,152,225,walking,T
person01_walking_d1,person01_walking_d1_uncomp.avi,person01_empty_d1_s1_walking_original.avi,3,226,324,empty,F
person01_walking_d1,person01_walking_d1_uncomp.avi,person01_empty_d1_s1_walking_flip.avi,3,226,324,empty,T
person01_walking_d1,person01_walking_d1_uncomp.avi,person01_walking_d1_s2_walking_original.avi,4,325,400,walking,F
person01_walking_d1,person01_walking_d1_uncomp.avi,person01_walking_d1_s2_walking_flip.avi,4,325,400,walking,T
person01_walking_d1,person01_walking_d1_uncomp.avi,person01_empty_d1_s2_walking_original.avi,5,401,479,empty,F
person01_walking_d1,person01_walking_d1_uncomp.avi,person01_empty_d1_s2_walking_flip.avi,5,401,479,empty,T
person01_walking_d1,person01_walking_d1_uncomp.avi,person01_walking_d1_s3_walking_original.avi,6,480,555,walking,F
person01_walking_d1,person01_walking_d1_uncomp.avi,person01_walking_d1_s3_walking_flip.avi,6,480,555,walking,T
person01_walking_d2,person01_walking_d2_uncomp.avi,person01_walking_d2_s0_walking_original.avi,0,1,120,walking,F
person01_walking_d2,person01_walking_d2_uncomp.avi,person01_walking_d2_s0_walking_flip.avi,0,1,120,walking,T
person01_walking_d2,person01_walking_d2_uncomp.avi,person01_empty_d2_s0_walking_original.avi,1,121,169,empty,F
person01_walking_d2,person01_walking_d2_uncomp.avi,person01_empty_d2_s0_walking_flip.avi,1,121,169,empty,T
person01_walking_d2,person01_walking_d2_uncomp.avi,person01_walking_d2_s1_walking_original.avi,2,170,288,walking,F
person01_walking_d2,person01_walking_d2_uncomp.avi,person01_walking_d2_s1_walking_flip.avi,2,170,288,walking,T
person01_walking_d2,person01_walking_d2_uncomp.avi,person01_empty_d2_s1_walking_original.avi,3,289,369,empty,F
person01_walking_d2,person01_walking_d2_uncomp.avi,person01_empty_d2_s1_walking_flip.avi,3,289,369,empty,T
person01_walking_d2,person01_walking_d2_uncomp.avi,person01_walking_d2_s2_walking_original.avi,4,370,495,walking,F
person01_walking_d2,person01_walking_d2_uncomp.avi,person01_walking_d2_s2_walking_flip.avi,4,370,495,walking,T
person01_walking_d2,person01_walking_d2_uncomp.avi,person01_empty_d2_s2_walking_original.avi,5,496,549,empty,F
person01_walking_d2,person01_walking_d2_uncomp.avi,person01_empty_d2_s2_walking_flip.avi,5,496,549,empty,T
person01_walking_d2,person01_walking_d2_uncomp.avi,person01_walking_d2_s3_walking_original.avi,6,550,675,walking,F
person01_walking_d2,person01_walking_d2_uncomp.avi,person01_walking_d2_s3_walking_flip.avi,6,550,675,walking,T
person01_walking_d3,person01_walking_d3_uncomp.avi,person01_walking_d3_s0_walking_original.avi,0,1,90,walking,F
person01_walking_d3,person01_walking_d3_uncomp.avi,person01_walking_d3_s0_walking_flip.avi,0,1,90,walking,T
person01_walking_d3,person01_walking_d3_uncomp.avi,person01_empty_d3_s0_walking_original.avi,1,91,171,empty,F
person01_walking_d3,person01_walking_d3_uncomp.avi,person01_empty_d3_s0_walking_flip.avi,1,91,171,empty,T
person01_walking_d3,person01_walking_d3_uncomp.avi,person01_walking_d3_s1_walking_original.avi,2,172,250,walking,F
person01_walking_d3,person01_walking_d3_uncomp.avi,person01_walking_d3_s1_walking_flip.avi,2,172,250,walking,T
person01_walking_d3,person01_walking_d3_uncomp.avi,person01_empty_d3_s1_walking_original.avi,3,251,351,empty,F
person01_walking_d3,person01_walking_d3_uncomp.avi,person01_empty_d3_s1_walking_flip.avi,3,251,351,empty,T
person01_walking_d3,person01_walking_d3_uncomp.avi,person01_walking_d3_s2_walking_original.avi,4,352,430,walking,F
person01_walking_d3,person01_walking_d3_uncomp.avi,person01_walking_d3_s2_walking_flip.avi,4,352,430,walking,T
person01_walking_d3,person01_walking_d3_uncomp.avi,person01_empty_d3_s2_walking_original.avi,5,431,874,empty,F
person01_walking_d3,person01_walking_d3_uncomp.avi,person01_empty_d3_s2_walking_flip.avi,5,431,874,empty,T
person01_walking_d3,person01_walking_d3_uncomp.avi,person01_walking_d3_s3_walking_original.avi,6,875,950,walking,F
person01_walking_d3,person01_walking_d3_uncomp.avi,person01_walking_d3_s3_walking_flip.avi,6,875,950,walking,T
person01_walking_d4,person01_walking_d4_uncomp.avi,person01_walking_d4_s0_walking_original.avi,0,1,115,walking,F
person01_walking_d4,person01_walking_d4_uncomp.avi,person01_walking_d4_s0_walking_flip.avi,0,1,115,walking,T
person01_walking_d4,person01_walking_d4_uncomp.avi,person01_empty_d4_s0_walking_original.avi,1,116,154,empty,F
person01_walking_d4,person01_walking_d4_uncomp.avi,person01_empty_d4_s0_walking_flip.avi,1,116,154,empty,T
person01_walking_d4,person01_walking_d4_uncomp.avi,person01_walking_d4_s1_walking_original.avi,2,155,260,walking,F
person01_walking_d4,person01_walking_d4_uncomp.avi,person01_walking_d4_s1_walking_flip.avi,2,155,260,walking,T
person01_walking_d4,person01_walking_d4_uncomp.avi,person01_empty_d4_s1_walking_original.avi,3,261,279,empty,F
person01_walking_d4,person01_walking_d4_uncomp.avi,person01_empty_d4_s1_walking_flip.avi,3,261,279,empty,T
person01_walking_d4,person01_walking_d4_uncomp.avi,person01_walking_d4_s2_walking_original.avi,4,280,385,walking,F
person01_walking_d4,person01_walking_d4_uncomp.avi,person01_walking_d4_s2_walking_flip.avi,4,280,385,walking,T
person01_walking_d4,person01_walking_d4_uncomp.avi,person01_empty_d4_s2_walking_original.avi,5,386,439,empty,F
person01_walking_d4,person01_walking_d4_uncomp.avi,person01_empty_d4_s2_walking_flip.avi,5,386,439,empty,T
person01_walking_d4,person01_walking_d4_uncomp.avi,person01_walking_d4_s3_walking_original.avi,6,440,565,walking,F
person01_walking_d4,person01_walking_d4_uncomp.avi,person01_walking_d4_s3_walking_flip.avi,6,440,565,walking,T
person02_boxing_d1,person02_boxing_d1_uncomp.avi,person02_boxing_d1_s0_boxing_original.avi,0,1,105,boxing,F
person02_boxing_d1,person02_boxing_d1_uncomp.avi,person02_boxing_d1_s0_boxing_flip.avi,0,1,105,boxing,T
person02_boxing_d1,person02_boxing_d1_uncomp.avi,person02_boxing_d1_s1_boxing_original.avi,1,106,228,boxing,F
person02_boxing_d1,person02_boxing_d1_uncomp.avi,person02_boxing_d1_s1_boxing_flip.avi,1,106,228,boxing,T
person02_boxing_d1,person02_boxing_d1_uncomp.avi,person02_boxing_d1_s2_boxing_original.avi,2,229,314,boxing,F
person02_boxing_d1,person02_boxing_d1_uncomp.avi,person02_boxing_d1_s2_boxing_flip.avi,2,229,314,boxing,T
person02_boxing_d1,person02_boxing_d1_uncomp.avi,person02_boxing_d1_s3_boxing_original.avi,3,315,428,boxing,F
person02_boxing_d1,person02_boxing_d1_uncomp.avi,person02_boxing_d1_s3_boxing_flip.avi,3,315,428,boxing,T
person02_boxing_d2,person02_boxing_d2_uncomp.avi,person02_boxing_d2_s0_boxing_original.avi,0,1,126,boxing,F
person02_boxing_d2,person02_boxing_d2_uncomp.avi,person02_boxing_d2_s0_boxing_flip.avi,0,1,126,boxing,T
person02_boxing_d2,person02_boxing_d2_uncomp.avi,person02_boxing_d2_s1_boxing_original.avi,1,127,236,boxing,F
person02_boxing_d2,person02_boxing_d2_uncomp.avi,person02_boxing_d2_s1_boxing_flip.avi,1,127,236,boxing,T
person02_boxing_d2,person02_boxing_d2_uncomp.avi,person02_boxing_d2_s2_boxing_original.avi,2,237,312,boxing,F
person02_boxing_d2,person02_boxing_d2_uncomp.avi,person02_boxing_d2_s2_boxing_flip.avi,2,237,312,boxing,T
person02_boxing_d2,person02_boxing_d2_uncomp.avi,person02_boxing_d2_s3_boxing_original.avi,3,313,460,boxing,F
person02_boxing_d2,person02_boxing_d2_uncomp.avi,person02_boxing_d2_s3_boxing_flip.avi,3,313,460,boxing,T
person02_boxing_d3,person02_boxing_d3_uncomp.avi,person02_boxing_d3_s0_boxing_original.avi,0,1,120,boxing,F
person02_boxing_d3,person02_boxing_d3_uncomp.avi,person02_boxing_d3_s0_boxing_flip.avi,0,1,120,boxing,T
person02_boxing_d3,person02_boxing_d3_uncomp.avi,person02_boxing_d3_s1_boxing_original.avi,1,121,218,boxing,F
person02_boxing_d3,person02_boxing_d3_uncomp.avi,person02_boxing_d3_s1_boxing_flip.avi,1,121,218,boxing,T
person02_boxing_d3,person02_boxing_d3_uncomp.avi,person02_boxing_d3_s2_boxing_original.avi,2,219,350,boxing,F
person02_boxing_d3,person02_boxing_d3_uncomp.avi,person02_boxing_d3_s2_boxing_flip.avi,2,219,350,boxing,T
person02_boxing_d3,person02_boxing_d3_uncomp.avi,person02_boxing_d3_s3_boxing_original.avi,3,351,490,boxing,F
person02_boxing_d3,person02_boxing_d3_uncomp.avi,person02_boxing_d3_s3_boxing_flip.avi,3,351,490,boxing,T
person02_boxing_d4,person02_boxing_d4_uncomp.avi,person02_boxing_d4_s0_boxing_original.avi,0,1,126,boxing,F
person02_boxing_d4,person02_boxing_d4_uncomp.avi,person02_boxing_d4_s0_boxing_flip.avi,0,1,126,boxing,T
person02_boxing_d4,person02_boxing_d4_uncomp.avi,person02_boxing_d4_s1_boxing_original.avi,1,127,270,boxing,F
person02_boxing_d4,person02_boxing_d4_uncomp.avi,person02_boxing_d4_s1_boxing_flip.avi,1,127,270,boxing,T
person02_boxing_d4,person02_boxing_d4_uncomp.avi,person02_boxing_d4_s2_boxing_original.avi,2,271,392,boxing,F
person02_boxing_d4,person02_boxing_d4_uncomp.avi,person02_boxing_d4_s2_boxing_flip.avi,2,271,392,boxing,T
person02_boxing_d4,person02_boxing_d4_uncomp.avi,person02_boxing_d4_s3_boxing_original.avi,3,393,522,boxing,F
person02_boxing_d4,person02_boxing_d4_uncomp.avi,person02_boxing_d4_s3_boxing_flip.avi,3,393,522,boxing,T
person02_handclapping_d1,person02_handclapping_d1_uncomp.avi,person02_handclapping_d1_s0_handclapping_original.avi,0,1,102,handclapping,F
person02_handclapping_d1,person02_handclapping_d1_uncomp.avi,person02_handclapping_d1_s0_handclapping_flip.avi,0,1,102,handclapping,T
person02_handclapping_d1,person02_handclapping_d1_uncomp.avi,person02_handclapping_d1_s1_handclapping_original.avi,1,103,216,handclapping,F
person02_handclapping_d1,person02_handclapping_d1_uncomp.avi,person02_handclapping_d1_s1_handclapping_flip.avi,1,103,216,handclapping,T
person02_handclapping_d1,person02_handclapping_d1_uncomp.avi,person02_handclapping_d1_s2_handclapping_original.avi,2,217,308,handclapping,F
person02_handclapping_d1,person02_handclapping_d1_uncomp.avi,person02_handclapping_d1_s2_handclapping_flip.avi,2,217,308,handclapping,T
person02_handclapping_d1,person02_handclapping_d1_uncomp.avi,person02_handclapping_d1_s3_handclapping_original.avi,3,309,398,handclapping,F
person02_handclapping_d1,person02_handclapping_d1_uncomp.avi,person02_handclapping_d1_s3_handclapping_flip.avi,3,309,398,handclapping,T
person02_handclapping_d2,person02_handclapping_d2_uncomp.avi,person02_handclapping_d2_s0_handclapping_original.avi,0,1,116,handclapping,F
person02_handclapping_d2,person02_handclapping_d2_uncomp.avi,person02_handclapping_d2_s0_handclapping_flip.avi,0,1,116,handclapping,T
person02_handclapping_d2,person02_handclapping_d2_uncomp.avi,person02_handclapping_d2_s1_handclapping_original.avi,1,117,202,handclapping,F
person02_handclapping_d2,person02_handclapping_d2_uncomp.avi,person02_handclapping_d2_s1_handclapping_flip.avi,1,117,202,handclapping,T
person02_handclapping_d2,person02_handclapping_d2_uncomp.avi,person02_handclapping_d2_s2_handclapping_original.avi,2,203,300,handclapping,F
person02_handclapping_d2,person02_handclapping_d2_uncomp.avi,person02_handclapping_d2_s2_handclapping_flip.avi,2,203,300,handclapping,T
person02_handclapping_d2,person02_handclapping_d2_uncomp.avi,person02_handclapping_d2_s3_handclapping_original.avi,3,301,390,handclapping,F
person02_handclapping_d2,person02_handclapping_d2_uncomp.avi,person02_handclapping_d2_s3_handclapping_flip.avi,3,301,390,handclapping,T
person02_handclapping_d3,person02_handclapping_d3_uncomp.avi,person02_handclapping_d3_s0_handclapping_original.avi,0,1,92,handclapping,F
person02_handclapping_d3,person02_handclapping_d3_uncomp.avi,person02_handclapping_d3_s0_handclapping_flip.avi,0,1,92,handclapping,T
person02_handclapping_d3,person02_handclapping_d3_uncomp.avi,person02_handclapping_d3_s1_handclapping_original.avi,1,93,195,handclapping,F
person02_handclapping_d3,person02_handclapping_d3_uncomp.avi,person02_handclapping_d3_s1_handclapping_flip.avi,1,93,195,handclapping,T
person02_handclapping_d3,person02_handclapping_d3_uncomp.avi,person02_handclapping_d3_s2_handclapping_original.avi,2,196,266,handclapping,F
person02_handclapping_d3,person02_handclapping_d3_uncomp.avi,person02_handclapping_d3_s2_handclapping_flip.avi,2,196,266,handclapping,T
person02_handclapping_d3,person02_handclapping_d3_uncomp.avi,person02_handclapping_d3_s3_handclapping_original.avi,3,267,385,handclapping,F
person02_handclapping_d3,person02_handclapping_d3_uncomp.avi,person02_handclapping_d3_s3_handclapping_flip.avi,3,267,385,handclapping,T
person02_handclapping_d4,person02_handclapping_d4_uncomp.avi,person02_handclapping_d4_s0_handclapping_original.avi,0,1,100,handclapping,F
person02_handclapping_d4,person02_handclapping_d4_uncomp.avi,person02_handclapping_d4_s0_handclapping_flip.avi,0,1,100,handclapping,T
person02_handclapping_d4,person02_handclapping_d4_uncomp.avi,person02_handclapping_d4_s1_handclapping_original.avi,1,101,235,handclapping,F
person02_handclapping_d4,person02_handclapping_d4_uncomp.avi,person02_handclapping_d4_s1_handclapping_flip.avi,1,101,235,handclapping,T
person02_handclapping_d4,person02_handclapping_d4_uncomp.avi,person02_handclapping_d4_s2_handclapping_original.avi,2,236,312,handclapping,F
person02_handclapping_d4,person02_handclapping_d4_uncomp.avi,person02_handclapping_d4_s2_handclapping_flip.avi,2,236,312,handclapping,T
person02_handclapping_d4,person02_handclapping_d4_uncomp.avi,person02_handclapping_d4_s3_handclapping_original.avi,3,313,386,handclapping,F
person02_handclapping_d4,person02_handclapping_d4_uncomp.avi,person02_handclapping_d4_s3_handclapping_flip.avi,3,313,386,handclapping,T
person02_handwaving_d1,person02_handwaving_d1_uncomp.avi,person02_handwaving_d1_s0_handwaving_original.avi,0,1,115,handwaving,F
person02_handwaving_d1,person02_handwaving_d1_uncomp.avi,person02_handwaving_d1_s0_handwaving_flip.avi,0,1,115,handwaving,T
person02_handwaving_d1,person02_handwaving_d1_uncomp.avi,person02_empty_d1_s0_handwaving_original.avi,1,116,221,empty,F
person02_handwaving_d1,person02_handwaving_d1_uncomp.avi,person02_empty_d1_s0_handwaving_flip.avi,1,116,221,empty,T
person02_handwaving_d1,person02_handwaving_d1_uncomp.avi,person02_handwaving_d1_s1_handwaving_original.avi,2,222,298,handwaving,F
person02_handwaving_d1,person02_handwaving_d1_uncomp.avi,person02_handwaving_d1_s1_handwaving_flip.avi,2,222,298,handwaving,T
person02_handwaving_d1,person02_handwaving_d1_uncomp.avi,person02_empty_d1_s1_handwaving_original.avi,3,299,319,empty,F
person02_handwaving_d1,person02_handwaving_d1_uncomp.avi,person02_empty_d1_s1_handwaving_flip.avi,3,299,319,empty,T
person02_handwaving_d1,person02_handwaving_d1_uncomp.avi,person02_handwaving_d1_s2_handwaving_original.avi,4,320,432,handwaving,F
person02_handwaving_d1,person02_handwaving_d1_uncomp.avi,person02_handwaving_d1_s2_handwaving_flip.avi,4,320,432,handwaving,T
person02_handwaving_d1,person02_handwaving_d1_uncomp.avi,person02_handwaving_d1_s3_handwaving_original.avi,5,433,550,handwaving,F
person02_handwaving_d1,person02_handwaving_d1_uncomp.avi,person02_handwaving_d1_s3_handwaving_flip.avi,5,433,550,handwaving,T
person02_handwaving_d2,person02_handwaving_d2_uncomp.avi,person02_handwaving_d2_s0_handwaving_original.avi,0,1,82,handwaving,F
person02_handwaving_d2,person02_handwaving_d2_uncomp.avi,person02_handwaving_d2_s0_handwaving_flip.avi,0,1,82,handwaving,T
person02_handwaving_d2,person02_handwaving_d2_uncomp.avi,person02_handwaving_d2_s1_handwaving_original.avi,1,83,186,handwaving,F
person02_handwaving_d2,person02_handwaving_d2_uncomp.avi,person02_handwaving_d2_s1_handwaving_flip.avi,1,83,186,handwaving,T
person02_handwaving_d2,person02_handwaving_d2_uncomp.avi,person02_handwaving_d2_s2_handwaving_original.avi,2,187,260,handwaving,F
person02_handwaving_d2,person02_handwaving_d2_uncomp.avi,person02_handwaving_d2_s2_handwaving_flip.avi,2,187,260,handwaving,T
person02_handwaving_d2,person02_handwaving_d2_uncomp.avi,person02_empty_d2_s0_handwaving_original.avi,3,261,355,empty,F
person02_handwaving_d2,person02_handwaving_d2_uncomp.avi,person02_empty_d2_s0_handwaving_flip.avi,3,261,355,empty,T
person02_handwaving_d2,person02_handwaving_d2_uncomp.avi,person02_handwaving_d2_s3_handwaving_original.avi,4,356,440,handwaving,F
person02_handwaving_d2,person02_handwaving_d2_uncomp.avi,person02_handwaving_d2_s3_handwaving_flip.avi,4,356,440,handwaving,T
person02_handwaving_d3,person02_handwaving_d3_uncomp.avi,person02_handwaving_d3_s0_handwaving_original.avi,0,1,86,handwaving,F
person02_handwaving_d3,person02_handwaving_d3_uncomp.avi,person02_handwaving_d3_s0_handwaving_flip.avi,0,1,86,handwaving,T
person02_handwaving_d3,person02_handwaving_d3_uncomp.avi,person02_handwaving_d3_s1_handwaving_original.avi,1,87,210,handwaving,F
person02_handwaving_d3,person02_handwaving_d3_uncomp.avi,person02_handwaving_d3_s1_handwaving_flip.avi,1,87,210,handwaving,T
person02_handwaving_d3,person02_handwaving_d3_uncomp.avi,person02_handwaving_d3_s2_handwaving_original.avi,2,211,298,handwaving,F
person02_handwaving_d3,person02_handwaving_d3_uncomp.avi,person02_handwaving_d3_s2_handwaving_flip.avi,2,211,298,handwaving,T
person02_handwaving_d3,person02_handwaving_d3_uncomp.avi,person02_handwaving_d3_s3_handwaving_original.avi,3,299,360,handwaving,F
person02_handwaving_d3,person02_handwaving_d3_uncomp.avi,person02_handwaving_d3_s3_handwaving_flip.avi,3,299,360,handwaving,T
person02_handwaving_d4,person02_handwaving_d4_uncomp.avi,person02_handwaving_d4_s0_handwaving_original.avi,0,1,104,handwaving,F
person02_handwaving_d4,person02_handwaving_d4_uncomp.avi,person02_handwaving_d4_s0_handwaving_flip.avi,0,1,104,handwaving,T
person02_handwaving_d4,person02_handwaving_d4_uncomp.avi,person02_handwaving_d4_s1_handwaving_original.avi,1,105,204,handwaving,F
person02_handwaving_d4,person02_handwaving_d4_uncomp.avi,person02_handwaving_d4_s1_handwaving_flip.avi,1,105,204,handwaving,T
person02_handwaving_d4,person02_handwaving_d4_uncomp.avi,person02_handwaving_d4_s2_handwaving_original.avi,2,205,290,handwaving,F
person02_handwaving_d4,person02_handwaving_d4_uncomp.avi,person02_handwaving_d4_s2_handwaving_flip.avi,2,205,290,handwaving,T
person02_handwaving_d4,person02_handwaving_d4_uncomp.avi,person02_handwaving_d4_s3_handwaving_original.avi,3,291,390,handwaving,F
person02_handwaving_d4,person02_handwaving_d4_uncomp.avi,person02_handwaving_d4_s3_handwaving_flip.avi,3,291,390,handwaving,T
person02_jogging_d1,person02_jogging_d1_uncomp.avi,person02_jogging_d1_s0_jogging_original.avi,0,1,54,jogging,F
person02_jogging_d1,person02_jogging_d1_uncomp.avi,person02_jogging_d1_s0_jogging_flip.avi,0,1,54,jogging,T
person02_jogging_d1,person02_jogging_d1_uncomp.avi,person02_empty_d1_s0_jogging_original.avi,1,55,111,empty,F
person02_jogging_d1,person02_jogging_d1_uncomp.avi,person02_empty_d1_s0_jogging_flip.avi,1,55,111,empty,T
person02_jogging_d1,person02_jogging_d1_uncomp.avi,person02_jogging_d1_s1_jogging_original.avi,2,112,164,jogging,F
person02_jogging_d1,person02_jogging_d1_uncomp.avi,person02_jogging_d1_s1_jogging_flip.avi,2,112,164,jogging,T
person02_jogging_d1,person02_jogging_d1_uncomp.avi,person02_empty_d1_s1_jogging_original.avi,3,165,184,empty,F
person02_jogging_d1,person02_jogging_d1_uncomp.avi,person02_empty_d1_s1_jogging_flip.avi,3,165,184,empty,T
person02_jogging_d1,person02_jogging_d1_uncomp.avi,person02_jogging_d1_s2_jogging_original.avi,4,185,240,jogging,F
person02_jogging_d1,person02_jogging_d1_uncomp.avi,person02_jogging_d1_s2_jogging_flip.avi,4,185,240,jogging,T
person02_jogging_d1,person02_jogging_d1_uncomp.avi,person02_empty_d1_s2_jogging_original.avi,5,241,293,empty,F
person02_jogging_d1,person02_jogging_d1_uncomp.avi,person02_empty_d1_s2_jogging_flip.avi,5,241,293,empty,T
person02_jogging_d1,person02_jogging_d1_uncomp.avi,person02_jogging_d1_s3_jogging_original.avi,6,294,345,jogging,F
person02_jogging_d1,person02_jogging_d1_uncomp.avi,person02_jogging_d1_s3_jogging_flip.avi,6,294,345,jogging,T
person02_jogging_d2,person02_jogging_d2_uncomp.avi,person02_jogging_d2_s0_jogging_original.avi,0,1,152,jogging,F
person02_jogging_d2,person02_jogging_d2_uncomp.avi,person02_jogging_d2_s0_jogging_flip.avi,0,1,152,jogging,T
person02_jogging_d2,person02_jogging_d2_uncomp.avi,person02_empty_d2_s0_jogging_original.avi,1,153,167,empty,F
person02_jogging_d2,person02_jogging_d2_uncomp.avi,person02_empty_d2_s0_jogging_flip.avi,1,153,167,empty,T
person02_jogging_d2,person02_jogging_d2_uncomp.avi,person02_jogging_d2_s1_jogging_original.avi,2,168,290,jogging,F
person02_jogging_d2,person02_jogging_d2_uncomp.avi,person02_jogging_d2_s1_jogging_flip.avi,2,168,290,jogging,T
person02_jogging_d2,person02_jogging_d2_uncomp.avi,person02_empty_d2_s1_jogging_original.avi,3,291,379,empty,F
person02_jogging_d2,person02_jogging_d2_uncomp.avi,person02_empty_d2_s1_jogging_flip.avi,3,291,379,empty,T
person02_jogging_d2,person02_jogging_d2_uncomp.avi,person02_jogging_d2_s2_jogging_original.avi,4,380,492,jogging,F
person02_jogging_d2,person02_jogging_d2_uncomp.avi,person02_jogging_d2_s2_jogging_flip.avi,4,380,492,jogging,T
person02_jogging_d2,person02_jogging_d2_uncomp.avi,person02_empty_d2_s2_jogging_original.avi,5,493,511,empty,F
person02_jogging_d2,person02_jogging_d2_uncomp.avi,person02_empty_d2_s2_jogging_flip.avi,5,493,511,empty,T
person02_jogging_d2,person02_jogging_d2_uncomp.avi,person02_jogging_d2_s3_jogging_original.avi,6,512,626,jogging,F
person02_jogging_d2,person02_jogging_d2_uncomp.avi,person02_jogging_d2_s3_jogging_flip.avi,6,512,626,jogging,T
person02_jogging_d3,person02_jogging_d3_uncomp.avi,person02_jogging_d3_s0_jogging_original.avi,0,1,70,jogging,F
person02_jogging_d3,person02_jogging_d3_uncomp.avi,person02_jogging_d3_s0_jogging_flip.avi,0,1,70,jogging,T
person02_jogging_d3,person02_jogging_d3_uncomp.avi,person02_empty_d3_s0_jogging_original.avi,1,71,79,empty,F
person02_jogging_d3,person02_jogging_d3_uncomp.avi,person02_empty_d3_s0_jogging_flip.avi,1,71,79,empty,T
person02_jogging_d3,person02_jogging_d3_uncomp.avi,person02_jogging_d3_s1_jogging_original.avi,2,80,148,jogging,F
person02_jogging_d3,person02_jogging_d3_uncomp.avi,person02_jogging_d3_s1_jogging_flip.avi,2,80,148,jogging,T
person02_jogging_d3,person02_jogging_d3_uncomp.avi,person02_empty_d3_s1_jogging_original.avi,3,149,201,empty,F
person02_jogging_d3,person02_jogging_d3_uncomp.avi,person02_empty_d3_s1_jogging_flip.avi,3,149,201,empty,T
person02_jogging_d3,person02_jogging_d3_uncomp.avi,person02_jogging_d3_s2_jogging_original.avi,4,202,275,jogging,F
person02_jogging_d3,person02_jogging_d3_uncomp.avi,person02_jogging_d3_s2_jogging_flip.avi,4,202,275,jogging,T
person02_jogging_d3,person02_jogging_d3_uncomp.avi,person02_empty_d3_s2_jogging_original.avi,5,276,279,empty,F
person02_jogging_d3,person02_jogging_d3_uncomp.avi,person02_empty_d3_s2_jogging_flip.avi,5,276,279,empty,T
person02_jogging_d3,person02_jogging_d3_uncomp.avi,person02_jogging_d3_s3_jogging_original.avi,6,280,350,jogging,F
person02_jogging_d3,person02_jogging_d3_uncomp.avi,person02_jogging_d3_s3_jogging_flip.avi,6,280,350,jogging,T
person02_jogging_d4,person02_jogging_d4_uncomp.avi,person02_jogging_d4_s0_jogging_original.avi,0,1,72,jogging,F
person02_jogging_d4,person02_jogging_d4_uncomp.avi,person02_jogging_d4_s0_jogging_flip.avi,0,1,72,jogging,T
person02_jogging_d4,person02_jogging_d4_uncomp.avi,person02_empty_d4_s0_jogging_original.avi,1,73,81,empty,F
person02_jogging_d4,person02_jogging_d4_uncomp.avi,person02_empty_d4_s0_jogging_flip.avi,1,73,81,empty,T
person02_jogging_d4,person02_jogging_d4_uncomp.avi,person02_jogging_d4_s1_jogging_original.avi,2,82,150,jogging,F
person02_jogging_d4,person02_jogging_d4_uncomp.avi,person02_jogging_d4_s1_jogging_flip.avi,2,82,150,jogging,T
person02_jogging_d4,person02_jogging_d4_uncomp.avi,person02_empty_d4_s1_jogging_original.avi,3,151,174,empty,F
person02_jogging_d4,person02_jogging_d4_uncomp.avi,person02_empty_d4_s1_jogging_flip.avi,3,151,174,empty,T
person02_jogging_d4,person02_jogging_d4_uncomp.avi,person02_jogging_d4_s2_jogging_original.avi,4,175,240,jogging,F
person02_jogging_d4,person02_jogging_d4_uncomp.avi,person02_jogging_d4_s2_jogging_flip.avi,4,175,240,jogging,T
person02_jogging_d4,person02_jogging_d4_uncomp.avi,person02_empty_d4_s2_jogging_original.avi,5,241,257,empty,F
person02_jogging_d4,person02_jogging_d4_uncomp.avi,person02_empty_d4_s2_jogging_flip.avi,5,241,257,empty,T
person02_jogging_d4,person02_jogging_d4_uncomp.avi,person02_jogging_d4_s3_jogging_original.avi,6,258,324,jogging,F
person02_jogging_d4,person02_jogging_d4_uncomp.avi,person02_jogging_d4_s3_jogging_flip.avi,6,258,324,jogging,T
person02_running_d1,person02_running_d1_uncomp.avi,person02_running_d1_s0_running_original.avi,0,1,45,running,F
person02_running_d1,person02_running_d1_uncomp.avi,person02_running_d1_s0_running_flip.avi,0,1,45,running,T
person02_running_d1,person02_running_d1_uncomp.avi,person02_empty_d1_s0_running_original.avi,1,46,93,empty,F
person02_running_d1,person02_running_d1_uncomp.avi,person02_empty_d1_s0_running_flip.avi,1,46,93,empty,T
person02_running_d1,person02_running_d1_uncomp.avi,person02_running_d1_s1_running_original.avi,2,94,145,running,F
person02_running_d1,person02_running_d1_uncomp.avi,person02_running_d1_s1_running_flip.avi,2,94,145,running,T
person02_running_d1,person02_running_d1_uncomp.avi,person02_empty_d1_s1_running_original.avi,3,146,159,empty,F
person02_running_d1,person02_running_d1_uncomp.avi,person02_empty_d1_s1_running_flip.avi,3,146,159,empty,T
person02_running_d1,person02_running_d1_uncomp.avi,person02_running_d1_s2_running_original.avi,4,160,212,running,F
person02_running_d1,person02_running_d1_uncomp.avi,person02_running_d1_s2_running_flip.avi,4,160,212,running,T
person02_running_d1,person02_running_d1_uncomp.avi,person02_empty_d1_s2_running_original.avi,5,213,264,empty,F
person02_running_d1,person02_running_d1_uncomp.avi,person02_empty_d1_s2_running_flip.avi,5,213,264,empty,T
person02_running_d1,person02_running_d1_uncomp.avi,person02_running_d1_s3_running_original.avi,6,265,314,running,F
person02_running_d1,person02_running_d1_uncomp.avi,person02_running_d1_s3_running_flip.avi,6,265,314,running,T
person02_running_d2,person02_running_d2_uncomp.avi,person02_running_d2_s0_running_original.avi,0,1,92,running,F
person02_running_d2,person02_running_d2_uncomp.avi,person02_running_d2_s0_running_flip.avi,0,1,92,running,T
person02_running_d2,person02_running_d2_uncomp.avi,person02_empty_d2_s0_running_original.avi,1,93,109,empty,F
person02_running_d2,person02_running_d2_uncomp.avi,person02_empty_d2_s0_running_flip.avi,1,93,109,empty,T
person02_running_d2,person02_running_d2_uncomp.avi,person02_running_d2_s1_running_original.avi,2,110,192,running,F
person02_running_d2,person02_running_d2_uncomp.avi,person02_running_d2_s1_running_flip.avi,2,110,192,running,T
person02_running_d2,person02_running_d2_uncomp.avi,person02_empty_d2_s1_running_original.avi,3,193,881,empty,F
person02_running_d2,person02_running_d2_uncomp.avi,person02_empty_d2_s1_running_flip.avi,3,193,881,empty,T
person02_running_d2,person02_running_d2_uncomp.avi,person02_running_d2_s2_running_original.avi,4,882,975,running,F
person02_running_d2,person02_running_d2_uncomp.avi,person02_running_d2_s2_running_flip.avi,4,882,975,running,T
person02_running_d2,person02_running_d2_uncomp.avi,person02_empty_d2_s2_running_original.avi,5,976,1381,empty,F
person02_running_d2,person02_running_d2_uncomp.avi,person02_empty_d2_s2_running_flip.avi,5,976,1381,empty,T
person02_running_d2,person02_running_d2_uncomp.avi,person02_running_d2_s3_running_original.avi,6,1382,1492,running,F
person02_running_d2,person02_running_d2_uncomp.avi,person02_running_d2_s3_running_flip.avi,6,1382,1492,running,T
person02_running_d3,person02_running_d3_uncomp.avi,person02_running_d3_s0_running_original.avi,0,1,65,running,F
person02_running_d3,person02_running_d3_uncomp.avi,person02_running_d3_s0_running_flip.avi,0,1,65,running,T
person02_running_d3,person02_running_d3_uncomp.avi,person02_empty_d3_s0_running_original.avi,1,66,131,empty,F
person02_running_d3,person02_running_d3_uncomp.avi,person02_empty_d3_s0_running_flip.avi,1,66,131,empty,T
person02_running_d3,person02_running_d3_uncomp.avi,person02_running_d3_s1_running_original.avi,2,132,192,running,F
person02_running_d3,person02_running_d3_uncomp.avi,person02_running_d3_s1_running_flip.avi,2,132,192,running,T
person02_running_d3,person02_running_d3_uncomp.avi,person02_empty_d3_s1_running_original.avi,3,193,212,empty,F
person02_running_d3,person02_running_d3_uncomp.avi,person02_empty_d3_s1_running_flip.avi,3,193,212,empty,T
person02_running_d3,person02_running_d3_uncomp.avi,person02_running_d3_s2_running_original.avi,4,213,278,running,F
person02_running_d3,person02_running_d3_uncomp.avi,person02_running_d3_s2_running_flip.avi,4,213,278,running,T
person02_running_d3,person02_running_d3_uncomp.avi,person02_empty_d3_s2_running_original.avi,5,279,341,empty,F
person02_running_d3,person02_running_d3_uncomp.avi,person02_empty_d3_s2_running_flip.avi,5,279,341,empty,T
person02_running_d3,person02_running_d3_uncomp.avi,person02_running_d3_s3_running_original.avi,6,342,402,running,F
person02_running_d3,person02_running_d3_uncomp.avi,person02_running_d3_s3_running_flip.avi,6,342,402,running,T
person02_running_d4,person02_running_d4_uncomp.avi,person02_running_d4_s0_running_original.avi,0,1,62,running,F
person02_running_d4,person02_running_d4_uncomp.avi,person02_running_d4_s0_running_flip.avi,0,1,62,running,T
person02_running_d4,person02_running_d4_uncomp.avi,person02_empty_d4_s0_running_original.avi,1,63,73,empty,F
person02_running_d4,person02_running_d4_uncomp.avi,person02_empty_d4_s0_running_flip.avi,1,63,73,empty,T
person02_running_d4,person02_running_d4_uncomp.avi,person02_running_d4_s1_running_original.avi,2,74,134,running,F
person02_running_d4,person02_running_d4_uncomp.avi,person02_running_d4_s1_running_flip.avi,2,74,134,running,T
person02_running_d4,person02_running_d4_uncomp.avi,person02_empty_d4_s1_running_original.avi,3,135,167,empty,F
person02_running_d4,person02_running_d4_uncomp.avi,person02_empty_d4_s1_running_flip.avi,3,135,167,empty,T
person02_running_d4,person02_running_d4_uncomp.avi,person02_running_d4_s2_running_original.avi,4,168,234,running,F
person02_running_d4,person02_running_d4_uncomp.avi,person02_running_d4_s2_running_flip.avi,4,168,234,running,T
person02_running_d4,person02_running_d4_uncomp.avi,person02_empty_d4_s2_running_original.avi,5,235,245,empty,F
person02_running_d4,person02_running_d4_uncomp.avi,person02_empty_d4_s2_running_flip.avi,5,235,245,empty,T
person02_running_d4,person02_running_d4_uncomp.avi,person02_running_d4_s3_running_original.avi,6,246,300,running,F
person02_running_d4,person02_running_d4_uncomp.avi,person02_running_d4_s3_running_flip.avi,6,246,300,running,T
person02_walking_d1,person02_walking_d1_uncomp.avi,person02_walking_d1_s0_walking_original.avi,0,1,72,walking,F
person02_walking_d1,person02_walking_d1_uncomp.avi,person02_walking_d1_s0_walking_flip.avi,0,1,72,walking,T
person02_walking_d1,person02_walking_d1_uncomp.avi,person02_empty_d1_s0_walking_original.avi,1,73,149,empty,F
person02_walking_d1,person02_walking_d1_uncomp.avi,person02_empty_d1_s0_walking_flip.avi,1,73,149,empty,T
person02_walking_d1,person02_walking_d1_uncomp.avi,person02_walking_d1_s1_walking_original.avi,2,150,228,walking,F
person02_walking_d1,person02_walking_d1_uncomp.avi,person02_walking_d1_s1_walking_flip.avi,2,150,228,walking,T
person02_walking_d1,person02_walking_d1_uncomp.avi,person02_empty_d1_s1_walking_original.avi,3,229,229,empty,F
person02_walking_d1,person02_walking_d1_uncomp.avi,person02_empty_d1_s1_walking_flip.avi,3,229,229,empty,T
person02_walking_d1,person02_walking_d1_uncomp.avi,person02_walking_d1_s2_walking_original.avi,4,230,295,walking,F
person02_walking_d1,person02_walking_d1_uncomp.avi,person02_walking_d1_s2_walking_flip.avi,4,230,295,walking,T
person02_walking_d1,person02_walking_d1_uncomp.avi,person02_empty_d1_s2_walking_original.avi,5,296,371,empty,F
person02_walking_d1,person02_walking_d1_uncomp.avi,person02_empty_d1_s2_walking_flip.avi,5,296,371,empty,T
person02_walking_d1,person02_walking_d1_uncomp.avi,person02_walking_d1_s3_walking_original.avi,6,372,450,walking,F
person02_walking_d1,person02_walking_d1_uncomp.avi,person02_walking_d1_s3_walking_flip.avi,6,372,450,walking,T
person02_walking_d2,person02_walking_d2_uncomp.avi,person02_walking_d2_s0_walking_original.avi,0,1,208,walking,F
person02_walking_d2,person02_walking_d2_uncomp.avi,person02_walking_d2_s0_walking_flip.avi,0,1,208,walking,T
person02_walking_d2,person02_walking_d2_uncomp.avi,person02_empty_d2_s0_walking_original.avi,1,209,291,empty,F
person02_walking_d2,person02_walking_d2_uncomp.avi,person02_empty_d2_s0_walking_flip.avi,1,209,291,empty,T
person02_walking_d2,person02_walking_d2_uncomp.avi,person02_walking_d2_s1_walking_original.avi,2,292,495,walking,F
person02_walking_d2,person02_walking_d2_uncomp.avi,person02_walking_d2_s1_walking_flip.avi,2,292,495,walking,T
person02_walking_d2,person02_walking_d2_uncomp.avi,person02_empty_d2_s1_walking_original.avi,3,496,659,empty,F
person02_walking_d2,person02_walking_d2_uncomp.avi,person02_empty_d2_s1_walking_flip.avi,3,496,659,empty,T
person02_walking_d2,person02_walking_d2_uncomp.avi,person02_walking_d2_s2_walking_original.avi,4,660,856,walking,F
person02_walking_d2,person02_walking_d2_uncomp.avi,person02_walking_d2_s2_walking_flip.avi,4,660,856,walking,T
person02_walking_d2,person02_walking_d2_uncomp.avi,person02_empty_d2_s2_walking_original.avi,5,857,869,empty,F
person02_walking_d2,person02_walking_d2_uncomp.avi,person02_empty_d2_s2_walking_flip.avi,5,857,869,empty,T
person02_walking_d2,person02_walking_d2_uncomp.avi,person02_walking_d2_s3_walking_original.avi,6,870,1060,walking,F
person02_walking_d2,person02_walking_d2_uncomp.avi,person02_walking_d2_s3_walking_flip.avi,6,870,1060,walking,T
person02_walking_d3,person02_walking_d3_uncomp.avi,person02_walking_d3_s0_walking_original.avi,0,1,86,walking,F
person02_walking_d3,person02_walking_d3_uncomp.avi,person02_walking_d3_s0_walking_flip.avi,0,1,86,walking,T
person02_walking_d3,person02_walking_d3_uncomp.avi,person02_empty_d3_s0_walking_original.avi,1,87,171,empty,F
person02_walking_d3,person02_walking_d3_uncomp.avi,person02_empty_d3_s0_walking_flip.avi,1,87,171,empty,T
person02_walking_d3,person02_walking_d3_uncomp.avi,person02_walking_d3_s1_walking_original.avi,2,172,258,walking,F
person02_walking_d3,person02_walking_d3_uncomp.avi,person02_walking_d3_s1_walking_flip.avi,2,172,258,walking,T
person02_walking_d3,person02_walking_d3_uncomp.avi,person02_empty_d3_s1_walking_original.avi,3,259,279,empty,F
person02_walking_d3,person02_walking_d3_uncomp.avi,person02_empty_d3_s1_walking_flip.avi,3,259,279,empty,T
person02_walking_d3,person02_walking_d3_uncomp.avi,person02_walking_d3_s2_walking_original.avi,4,280,372,walking,F
person02_walking_d3,person02_walking_d3_uncomp.avi,person02_walking_d3_s2_walking_flip.avi,4,280,372,walking,T
person02_walking_d3,person02_walking_d3_uncomp.avi,person02_empty_d3_s2_walking_original.avi,5,373,457,empty,F
person02_walking_d3,person02_walking_d3_uncomp.avi,person02_empty_d3_s2_walking_flip.avi,5,373,457,empty,T
person02_walking_d3,person02_walking_d3_uncomp.avi,person02_walking_d3_s3_walking_original.avi,6,458,542,walking,F
person02_walking_d3,person02_walking_d3_uncomp.avi,person02_walking_d3_s3_walking_flip.avi,6,458,542,walking,T
person02_walking_d4,person02_walking_d4_uncomp.avi,person02_walking_d4_s0_walking_original.avi,0,1,107,walking,F
person02_walking_d4,person02_walking_d4_uncomp.avi,person02_walking_d4_s0_walking_flip.avi,0,1,107,walking,T
person02_walking_d4,person02_walking_d4_uncomp.avi,person02_empty_d4_s0_walking_original.avi,1,108,119,empty,F
person02_walking_d4,person02_walking_d4_uncomp.avi,person02_empty_d4_s0_walking_flip.avi,1,108,119,empty,T
person02_walking_d4,person02_walking_d4_uncomp.avi,person02_walking_d4_s1_walking_original.avi,2,120,210,walking,F
person02_walking_d4,person02_walking_d4_uncomp.avi,person02_walking_d4_s1_walking_flip.avi,2,120,210,walking,T
person02_walking_d4,person02_walking_d4_uncomp.avi,person02_empty_d4_s1_walking_original.avi,3,211,235,empty,F
person02_walking_d4,person02_walking_d4_uncomp.avi,person02_empty_d4_s1_walking_flip.avi,3,211,235,empty,T
person02_walking_d4,person02_walking_d4_uncomp.avi,person02_walking_d4_s2_walking_original.avi,4,236,336,walking,F
person02_walking_d4,person02_walking_d4_uncomp.avi,person02_walking_d4_s2_walking_flip.avi,4,236,336,walking,T
person02_walking_d4,person02_walking_d4_uncomp.avi,person02_empty_d4_s2_walking_original.avi,5,337,361,empty,F
person02_walking_d4,person02_walking_d4_uncomp.avi,person02_empty_d4_s2_walking_flip.avi,5,337,361,empty,T
person02_walking_d4,person02_walking_d4_uncomp.avi,person02_walking_d4_s3_walking_original.avi,6,362,460,walking,F
person02_walking_d4,person02_walking_d4_uncomp.avi,person02_walking_d4_s3_walking_flip.avi,6,362,460,walking,T
person03_boxing_d1,person03_boxing_d1_uncomp.avi,person03_boxing_d1_s0_boxing_original.avi,0,1,108,boxing,F
person03_boxing_d1,person03_boxing_d1_uncomp.avi,person03_boxing_d1_s0_boxing_flip.avi,0,1,108,boxing,T
person03_boxing_d1,person03_boxing_d1_uncomp.avi,person03_boxing_d1_s1_boxing_original.avi,1,109,238,boxing,F
person03_boxing_d1,person03_boxing_d1_uncomp.avi,person03_boxing_d1_s1_boxing_flip.avi,1,109,238,boxing,T
person03_boxing_d1,person03_boxing_d1_uncomp.avi,person03_boxing_d1_s2_boxing_original.avi,2,239,340,boxing,F
person03_boxing_d1,person03_boxing_d1_uncomp.avi,person03_boxing_d1_s2_boxing_flip.avi,2,239,340,boxing,T
person03_boxing_d1,person03_boxing_d1_uncomp.avi,person03_boxing_d1_s3_boxing_original.avi,3,341,442,boxing,F
person03_boxing_d1,person03_boxing_d1_uncomp.avi,person03_boxing_d1_s3_boxing_flip.avi,3,341,442,boxing,T
person03_boxing_d2,person03_boxing_d2_uncomp.avi,person03_boxing_d2_s0_boxing_original.avi,0,1,128,boxing,F
person03_boxing_d2,person03_boxing_d2_uncomp.avi,person03_boxing_d2_s0_boxing_flip.avi,0,1,128,boxing,T
person03_boxing_d2,person03_boxing_d2_uncomp.avi,person03_boxing_d2_s1_boxing_original.avi,1,129,225,boxing,F
person03_boxing_d2,person03_boxing_d2_uncomp.avi,person03_boxing_d2_s1_boxing_flip.avi,1,129,225,boxing,T
person03_boxing_d2,person03_boxing_d2_uncomp.avi,person03_boxing_d2_s2_boxing_original.avi,2,226,352,boxing,F
person03_boxing_d2,person03_boxing_d2_uncomp.avi,person03_boxing_d2_s2_boxing_flip.avi,2,226,352,boxing,T
person03_boxing_d2,person03_boxing_d2_uncomp.avi,person03_boxing_d2_s3_boxing_original.avi,3,353,502,boxing,F
person03_boxing_d2,person03_boxing_d2_uncomp.avi,person03_boxing_d2_s3_boxing_flip.avi,3,353,502,boxing,T
person03_boxing_d3,person03_boxing_d3_uncomp.avi,person03_boxing_d3_s0_boxing_original.avi,0,1,102,boxing,F
person03_boxing_d3,person03_boxing_d3_uncomp.avi,person03_boxing_d3_s0_boxing_flip.avi,0,1,102,boxing,T
person03_boxing_d3,person03_boxing_d3_uncomp.avi,person03_boxing_d3_s1_boxing_original.avi,1,103,150,boxing,F
person03_boxing_d3,person03_boxing_d3_uncomp.avi,person03_boxing_d3_s1_boxing_flip.avi,1,103,150,boxing,T
person03_boxing_d3,person03_boxing_d3_uncomp.avi,person03_empty_d3_s0_boxing_original.avi,2,151,179,empty,F
person03_boxing_d3,person03_boxing_d3_uncomp.avi,person03_empty_d3_s0_boxing_flip.avi,2,151,179,empty,T
person03_boxing_d3,person03_boxing_d3_uncomp.avi,person03_boxing_d3_s2_boxing_original.avi,3,180,290,boxing,F
person03_boxing_d3,person03_boxing_d3_uncomp.avi,person03_boxing_d3_s2_boxing_flip.avi,3,180,290,boxing,T
person03_boxing_d3,person03_boxing_d3_uncomp.avi,person03_boxing_d3_s3_boxing_original.avi,4,291,414,boxing,F
person03_boxing_d3,person03_boxing_d3_uncomp.avi,person03_boxing_d3_s3_boxing_flip.avi,4,291,414,boxing,T
person03_boxing_d4,person03_boxing_d4_uncomp.avi,person03_boxing_d4_s0_boxing_original.avi,0,1,128,boxing,F
person03_boxing_d4,person03_boxing_d4_uncomp.avi,person03_boxing_d4_s0_boxing_flip.avi,0,1,128,boxing,T
person03_boxing_d4,person03_boxing_d4_uncomp.avi,person03_boxing_d4_s1_boxing_original.avi,1,129,284,boxing,F
person03_boxing_d4,person03_boxing_d4_uncomp.avi,person03_boxing_d4_s1_boxing_flip.avi,1,129,284,boxing,T
person03_boxing_d4,person03_boxing_d4_uncomp.avi,person03_boxing_d4_s2_boxing_original.avi,2,285,406,boxing,F
person03_boxing_d4,person03_boxing_d4_uncomp.avi,person03_boxing_d4_s2_boxing_flip.avi,2,285,406,boxing,T
person03_boxing_d4,person03_boxing_d4_uncomp.avi,person03_boxing_d4_s3_boxing_original.avi,3,407,512,boxing,F
person03_boxing_d4,person03_boxing_d4_uncomp.avi,person03_boxing_d4_s3_boxing_flip.avi,3,407,512,boxing,T
person03_handclapping_d1,person03_handclapping_d1_uncomp.avi,person03_handclapping_d1_s0_handclapping_original.avi,0,1,112,handclapping,F
person03_handclapping_d1,person03_handclapping_d1_uncomp.avi,person03_handclapping_d1_s0_handclapping_flip.avi,0,1,112,handclapping,T
person03_handclapping_d1,person03_handclapping_d1_uncomp.avi,person03_handclapping_d1_s1_handclapping_original.avi,1,113,268,handclapping,F
person03_handclapping_d1,person03_handclapping_d1_uncomp.avi,person03_handclapping_d1_s1_handclapping_flip.avi,1,113,268,handclapping,T
person03_handclapping_d1,person03_handclapping_d1_uncomp.avi,person03_handclapping_d1_s2_handclapping_original.avi,2,269,385,handclapping,F
person03_handclapping_d1,person03_handclapping_d1_uncomp.avi,person03_handclapping_d1_s2_handclapping_flip.avi,2,269,385,handclapping,T
person03_handclapping_d1,person03_handclapping_d1_uncomp.avi,person03_handclapping_d1_s3_handclapping_original.avi,3,386,480,handclapping,F
person03_handclapping_d1,person03_handclapping_d1_uncomp.avi,person03_handclapping_d1_s3_handclapping_flip.avi,3,386,480,handclapping,T
person03_handclapping_d2,person03_handclapping_d2_uncomp.avi,person03_handclapping_d2_s0_handclapping_original.avi,0,1,115,handclapping,F
person03_handclapping_d2,person03_handclapping_d2_uncomp.avi,person03_handclapping_d2_s0_handclapping_flip.avi,0,1,115,handclapping,T
person03_handclapping_d2,person03_handclapping_d2_uncomp.avi,person03_handclapping_d2_s1_handclapping_original.avi,1,116,227,handclapping,F
person03_handclapping_d2,person03_handclapping_d2_uncomp.avi,person03_handclapping_d2_s1_handclapping_flip.avi,1,116,227,handclapping,T
person03_handclapping_d2,person03_handclapping_d2_uncomp.avi,person03_handclapping_d2_s2_handclapping_original.avi,2,228,314,handclapping,F
person03_handclapping_d2,person03_handclapping_d2_uncomp.avi,person03_handclapping_d2_s2_handclapping_flip.avi,2,228,314,handclapping,T
person03_handclapping_d2,person03_handclapping_d2_uncomp.avi,person03_handclapping_d2_s3_handclapping_original.avi,3,315,428,handclapping,F
person03_handclapping_d2,person03_handclapping_d2_uncomp.avi,person03_handclapping_d2_s3_handclapping_flip.avi,3,315,428,handclapping,T
person03_handclapping_d3,person03_handclapping_d3_uncomp.avi,person03_handclapping_d3_s0_handclapping_original.avi,0,1,142,handclapping,F
person03_handclapping_d3,person03_handclapping_d3_uncomp.avi,person03_handclapping_d3_s0_handclapping_flip.avi,0,1,142,handclapping,T
person03_handclapping_d3,person03_handclapping_d3_uncomp.avi,person03_handclapping_d3_s1_handclapping_original.avi,1,143,228,handclapping,F
person03_handclapping_d3,person03_handclapping_d3_uncomp.avi,person03_handclapping_d3_s1_handclapping_flip.avi,1,143,228,handclapping,T
person03_handclapping_d3,person03_handclapping_d3_uncomp.avi,person03_handclapping_d3_s2_handclapping_original.avi,2,229,345,handclapping,F
person03_handclapping_d3,person03_handclapping_d3_uncomp.avi,person03_handclapping_d3_s2_handclapping_flip.avi,2,229,345,handclapping,T
person03_handclapping_d3,person03_handclapping_d3_uncomp.avi,person03_handclapping_d3_s3_handclapping_original.avi,3,346,460,handclapping,F
person03_handclapping_d3,person03_handclapping_d3_uncomp.avi,person03_handclapping_d3_s3_handclapping_flip.avi,3,346,460,handclapping,T
person03_handclapping_d4,person03_handclapping_d4_uncomp.avi,person03_handclapping_d4_s0_handclapping_original.avi,0,1,112,handclapping,F
person03_handclapping_d4,person03_handclapping_d4_uncomp.avi,person03_handclapping_d4_s0_handclapping_flip.avi,0,1,112,handclapping,T
person03_handclapping_d4,person03_handclapping_d4_uncomp.avi,person03_handclapping_d4_s1_handclapping_original.avi,1,113,230,handclapping,F
person03_handclapping_d4,person03_handclapping_d4_uncomp.avi,person03_handclapping_d4_s1_handclapping_flip.avi,1,113,230,handclapping,T
person03_handclapping_d4,person03_handclapping_d4_uncomp.avi,person03_handclapping_d4_s2_handclapping_original.avi,2,231,346,handclapping,F
person03_handclapping_d4,person03_handclapping_d4_uncomp.avi,person03_handclapping_d4_s2_handclapping_flip.avi,2,231,346,handclapping,T
person03_handclapping_d4,person03_handclapping_d4_uncomp.avi,person03_handclapping_d4_s3_handclapping_original.avi,3,347,432,handclapping,F
person03_handclapping_d4,person03_handclapping_d4_uncomp.avi,person03_handclapping_d4_s3_handclapping_flip.avi,3,347,432,handclapping,T
person03_handwaving_d1,person03_handwaving_d1_uncomp.avi,person03_handwaving_d1_s0_handwaving_original.avi,0,1,134,handwaving,F
person03_handwaving_d1,person03_handwaving_d1_uncomp.avi,person03_handwaving_d1_s0_handwaving_flip.avi,0,1,134,handwaving,T
person03_handwaving_d1,person03_handwaving_d1_uncomp.avi,person03_handwaving_d1_s1_handwaving_original.avi,1,135,266,handwaving,F
person03_handwaving_d1,person03_handwaving_d1_uncomp.avi,person03_handwaving_d1_s1_handwaving_flip.avi,1,135,266,handwaving,T
person03_handwaving_d1,person03_handwaving_d1_uncomp.avi,person03_handwaving_d1_s2_handwaving_original.avi,2,267,400,handwaving,F
person03_handwaving_d1,person03_handwaving_d1_uncomp.avi,person03_handwaving_d1_s2_handwaving_flip.avi,2,267,400,handwaving,T
person03_handwaving_d1,person03_handwaving_d1_uncomp.avi,person03_handwaving_d1_s3_handwaving_original.avi,3,401,570,handwaving,F
person03_handwaving_d1,person03_handwaving_d1_uncomp.avi,person03_handwaving_d1_s3_handwaving_flip.avi,3,401,570,handwaving,T
person03_handwaving_d2,person03_handwaving_d2_uncomp.avi,person03_handwaving_d2_s0_handwaving_original.avi,0,1,130,handwaving,F
person03_handwaving_d2,person03_handwaving_d2_uncomp.avi,person03_handwaving_d2_s0_handwaving_flip.avi,0,1,130,handwaving,T
person03_handwaving_d2,person03_handwaving_d2_uncomp.avi,person03_handwaving_d2_s1_handwaving_original.avi,1,131,254,handwaving,F
person03_handwaving_d2,person03_handwaving_d2_uncomp.avi,person03_handwaving_d2_s1_handwaving_flip.avi,1,131,254,handwaving,T
person03_handwaving_d2,person03_handwaving_d2_uncomp.avi,person03_handwaving_d2_s2_handwaving_original.avi,2,255,335,handwaving,F
person03_handwaving_d2,person03_handwaving_d2_uncomp.avi,person03_handwaving_d2_s2_handwaving_flip.avi,2,255,335,handwaving,T
person03_handwaving_d2,person03_handwaving_d2_uncomp.avi,person03_handwaving_d2_s3_handwaving_original.avi,3,336,455,handwaving,F
person03_handwaving_d2,person03_handwaving_d2_uncomp.avi,person03_handwaving_d2_s3_handwaving_flip.avi,3,336,455,handwaving,T
person03_handwaving_d3,person03_handwaving_d3_uncomp.avi,person03_handwaving_d3_s0_handwaving_original.avi,0,1,136,handwaving,F
person03_handwaving_d3,person03_handwaving_d3_uncomp.avi,person03_handwaving_d3_s0_handwaving_flip.avi,0,1,136,handwaving,T
person03_handwaving_d3,person03_handwaving_d3_uncomp.avi,person03_handwaving_d3_s1_handwaving_original.avi,1,137,275,handwaving,F
person03_handwaving_d3,person03_handwaving_d3_uncomp.avi,person03_handwaving_d3_s1_handwaving_flip.avi,1,137,275,handwaving,T
person03_handwaving_d3,person03_handwaving_d3_uncomp.avi,person03_handwaving_d3_s2_handwaving_original.avi,2,276,405,handwaving,F
person03_handwaving_d3,person03_handwaving_d3_uncomp.avi,person03_handwaving_d3_s2_handwaving_flip.avi,2,276,405,handwaving,T
person03_handwaving_d3,person03_handwaving_d3_uncomp.avi,person03_handwaving_d3_s3_handwaving_original.avi,3,406,492,handwaving,F
person03_handwaving_d3,person03_handwaving_d3_uncomp.avi,person03_handwaving_d3_s3_handwaving_flip.avi,3,406,492,handwaving,T
person03_handwaving_d4,person03_handwaving_d4_uncomp.avi,person03_handwaving_d4_s0_handwaving_original.avi,0,1,128,handwaving,F
person03_handwaving_d4,person03_handwaving_d4_uncomp.avi,person03_handwaving_d4_s0_handwaving_flip.avi,0,1,128,handwaving,T
person03_handwaving_d4,person03_handwaving_d4_uncomp.avi,person03_empty_d4_s0_handwaving_original.avi,1,129,213,empty,F
person03_handwaving_d4,person03_handwaving_d4_uncomp.avi,person03_empty_d4_s0_handwaving_flip.avi,1,129,213,empty,T
person03_handwaving_d4,person03_handwaving_d4_uncomp.avi,person03_handwaving_d4_s1_handwaving_original.avi,2,214,340,handwaving,F
person03_handwaving_d4,person03_handwaving_d4_uncomp.avi,person03_handwaving_d4_s1_handwaving_flip.avi,2,214,340,handwaving,T
person03_handwaving_d4,person03_handwaving_d4_uncomp.avi,person03_handwaving_d4_s2_handwaving_original.avi,3,341,465,handwaving,F
person03_handwaving_d4,person03_handwaving_d4_uncomp.avi,person03_handwaving_d4_s2_handwaving_flip.avi,3,341,465,handwaving,T
person03_handwaving_d4,person03_handwaving_d4_uncomp.avi,person03_handwaving_d4_s3_handwaving_original.avi,4,466,585,handwaving,F
person03_handwaving_d4,person03_handwaving_d4_uncomp.avi,person03_handwaving_d4_s3_handwaving_flip.avi,4,466,585,handwaving,T
person03_jogging_d1,person03_jogging_d1_uncomp.avi,person03_jogging_d1_s0_jogging_original.avi,0,1,58,jogging,F
person03_jogging_d1,person03_jogging_d1_uncomp.avi,person03_jogging_d1_s0_jogging_flip.avi,0,1,58,jogging,T
person03_jogging_d1,person03_jogging_d1_uncomp.avi,person03_empty_d1_s0_jogging_original.avi,1,59,121,empty,F
person03_jogging_d1,person03_jogging_d1_uncomp.avi,person03_empty_d1_s0_jogging_flip.avi,1,59,121,empty,T
person03_jogging_d1,person03_jogging_d1_uncomp.avi,person03_jogging_d1_s1_jogging_original.avi,2,122,175,jogging,F
person03_jogging_d1,person03_jogging_d1_uncomp.avi,person03_jogging_d1_s1_jogging_flip.avi,2,122,175,jogging,T
person03_jogging_d1,person03_jogging_d1_uncomp.avi,person03_empty_d1_s1_jogging_original.avi,3,176,299,empty,F
person03_jogging_d1,person03_jogging_d1_uncomp.avi,person03_empty_d1_s1_jogging_flip.avi,3,176,299,empty,T
person03_jogging_d1,person03_jogging_d1_uncomp.avi,person03_jogging_d1_s2_jogging_original.avi,4,300,355,jogging,F
person03_jogging_d1,person03_jogging_d1_uncomp.avi,person03_jogging_d1_s2_jogging_flip.avi,4,300,355,jogging,T
person03_jogging_d1,person03_jogging_d1_uncomp.avi,person03_empty_d1_s2_jogging_original.avi,5,356,434,empty,F
person03_jogging_d1,person03_jogging_d1_uncomp.avi,person03_empty_d1_s2_jogging_flip.avi,5,356,434,empty,T
person03_jogging_d1,person03_jogging_d1_uncomp.avi,person03_jogging_d1_s3_jogging_original.avi,6,435,492,jogging,F
person03_jogging_d1,person03_jogging_d1_uncomp.avi,person03_jogging_d1_s3_jogging_flip.avi,6,435,492,jogging,T
person03_jogging_d2,person03_jogging_d2_uncomp.avi,person03_jogging_d2_s0_jogging_original.avi,0,1,122,jogging,F
person03_jogging_d2,person03_jogging_d2_uncomp.avi,person03_jogging_d2_s0_jogging_flip.avi,0,1,122,jogging,T
person03_jogging_d2,person03_jogging_d2_uncomp.avi,person03_empty_d2_s0_jogging_original.avi,1,123,164,empty,F
person03_jogging_d2,person03_jogging_d2_uncomp.avi,person03_empty_d2_s0_jogging_flip.avi,1,123,164,empty,T
person03_jogging_d2,person03_jogging_d2_uncomp.avi,person03_jogging_d2_s1_jogging_original.avi,2,165,300,jogging,F
person03_jogging_d2,person03_jogging_d2_uncomp.avi,person03_jogging_d2_s1_jogging_flip.avi,2,165,300,jogging,T
person03_jogging_d2,person03_jogging_d2_uncomp.avi,person03_empty_d2_s1_jogging_original.avi,3,301,353,empty,F
person03_jogging_d2,person03_jogging_d2_uncomp.avi,person03_empty_d2_s1_jogging_flip.avi,3,301,353,empty,T
person03_jogging_d2,person03_jogging_d2_uncomp.avi,person03_jogging_d2_s2_jogging_original.avi,4,354,465,jogging,F
person03_jogging_d2,person03_jogging_d2_uncomp.avi,person03_jogging_d2_s2_jogging_flip.avi,4,354,465,jogging,T
person03_jogging_d2,person03_jogging_d2_uncomp.avi,person03_empty_d2_s2_jogging_original.avi,5,466,494,empty,F
person03_jogging_d2,person03_jogging_d2_uncomp.avi,person03_empty_d2_s2_jogging_flip.avi,5,466,494,empty,T
person03_jogging_d2,person03_jogging_d2_uncomp.avi,person03_jogging_d2_s3_jogging_original.avi,6,495,620,jogging,F
person03_jogging_d2,person03_jogging_d2_uncomp.avi,person03_jogging_d2_s3_jogging_flip.avi,6,495,620,jogging,T
person03_jogging_d3,person03_jogging_d3_uncomp.avi,person03_jogging_d3_s0_jogging_original.avi,0,1,48,jogging,F
person03_jogging_d3,person03_jogging_d3_uncomp.avi,person03_jogging_d3_s0_jogging_flip.avi,0,1,48,jogging,T
person03_jogging_d3,person03_jogging_d3_uncomp.avi,person03_empty_d3_s0_jogging_original.avi,1,49,97,empty,F
person03_jogging_d3,person03_jogging_d3_uncomp.avi,person03_empty_d3_s0_jogging_flip.avi,1,49,97,empty,T
person03_jogging_d3,person03_jogging_d3_uncomp.avi,person03_jogging_d3_s1_jogging_original.avi,2,98,142,jogging,F
person03_jogging_d3,person03_jogging_d3_uncomp.avi,person03_jogging_d3_s1_jogging_flip.avi,2,98,142,jogging,T
person03_jogging_d3,person03_jogging_d3_uncomp.avi,person03_empty_d3_s1_jogging_original.avi,3,143,235,empty,F
person03_jogging_d3,person03_jogging_d3_uncomp.avi,person03_empty_d3_s1_jogging_flip.avi,3,143,235,empty,T
person03_jogging_d3,person03_jogging_d3_uncomp.avi,person03_jogging_d3_s2_jogging_original.avi,4,236,282,jogging,F
person03_jogging_d3,person03_jogging_d3_uncomp.avi,person03_jogging_d3_s2_jogging_flip.avi,4,236,282,jogging,T
person03_jogging_d3,person03_jogging_d3_uncomp.avi,person03_empty_d3_s2_jogging_original.avi,5,283,333,empty,F
person03_jogging_d3,person03_jogging_d3_uncomp.avi,person03_empty_d3_s2_jogging_flip.avi,5,283,333,empty,T
person03_jogging_d3,person03_jogging_d3_uncomp.avi,person03_jogging_d3_s3_jogging_original.avi,6,334,380,jogging,F
person03_jogging_d3,person03_jogging_d3_uncomp.avi,person03_jogging_d3_s3_jogging_flip.avi,6,334,380,jogging,T
person03_jogging_d4,person03_jogging_d4_uncomp.avi,person03_jogging_d4_s0_jogging_original.avi,0,1,64,jogging,F
person03_jogging_d4,person03_jogging_d4_uncomp.avi,person03_jogging_d4_s0_jogging_flip.avi,0,1,64,jogging,T
person03_jogging_d4,person03_jogging_d4_uncomp.avi,person03_empty_d4_s0_jogging_original.avi,1,65,113,empty,F
person03_jogging_d4,person03_jogging_d4_uncomp.avi,person03_empty_d4_s0_jogging_flip.avi,1,65,113,empty,T
person03_jogging_d4,person03_jogging_d4_uncomp.avi,person03_jogging_d4_s1_jogging_original.avi,2,114,174,jogging,F
person03_jogging_d4,person03_jogging_d4_uncomp.avi,person03_jogging_d4_s1_jogging_flip.avi,2,114,174,jogging,T
person03_jogging_d4,person03_jogging_d4_uncomp.avi,person03_empty_d4_s1_jogging_original.avi,3,175,191,empty,F
person03_jogging_d4,person03_jogging_d4_uncomp.avi,person03_empty_d4_s1_jogging_flip.avi,3,175,191,empty,T
person03_jogging_d4,person03_jogging_d4_uncomp.avi,person03_jogging_d4_s2_jogging_original.avi,4,192,252,jogging,F
person03_jogging_d4,person03_jogging_d4_uncomp.avi,person03_jogging_d4_s2_jogging_flip.avi,4,192,252,jogging,T
person03_jogging_d4,person03_jogging_d4_uncomp.avi,person03_empty_d4_s2_jogging_original.avi,5,253,299,empty,F
person03_jogging_d4,person03_jogging_d4_uncomp.avi,person03_empty_d4_s2_jogging_flip.avi,5,253,299,empty,T
person03_jogging_d4,person03_jogging_d4_uncomp.avi,person03_jogging_d4_s3_jogging_original.avi,6,300,360,jogging,F
person03_jogging_d4,person03_jogging_d4_uncomp.avi,person03_jogging_d4_s3_jogging_flip.avi,6,300,360,jogging,T
person03_running_d1,person03_running_d1_uncomp.avi,person03_running_d1_s0_running_original.avi,0,1,38,running,F
person03_running_d1,person03_running_d1_uncomp.avi,person03_running_d1_s0_running_flip.avi,0,1,38,running,T
person03_running_d1,person03_running_d1_uncomp.avi,person03_empty_d1_s0_running_original.avi,1,39,103,empty,F
person03_running_d1,person03_running_d1_uncomp.avi,person03_empty_d1_s0_running_flip.avi,1,39,103,empty,T
person03_running_d1,person03_running_d1_uncomp.avi,person03_running_d1_s1_running_original.avi,2,104,142,running,F
person03_running_d1,person03_running_d1_uncomp.avi,person03_running_d1_s1_running_flip.avi,2,104,142,running,T
person03_running_d1,person03_running_d1_uncomp.avi,person03_empty_d1_s1_running_original.avi,3,143,221,empty,F
person03_running_d1,person03_running_d1_uncomp.avi,person03_empty_d1_s1_running_flip.avi,3,143,221,empty,T
person03_running_d1,person03_running_d1_uncomp.avi,person03_running_d1_s2_running_original.avi,4,222,262,running,F
person03_running_d1,person03_running_d1_uncomp.avi,person03_running_d1_s2_running_flip.avi,4,222,262,running,T
person03_running_d1,person03_running_d1_uncomp.avi,person03_empty_d1_s2_running_original.avi,5,263,335,empty,F
person03_running_d1,person03_running_d1_uncomp.avi,person03_empty_d1_s2_running_flip.avi,5,263,335,empty,T
person03_running_d1,person03_running_d1_uncomp.avi,person03_running_d1_s3_running_original.avi,6,336,380,running,F
person03_running_d1,person03_running_d1_uncomp.avi,person03_running_d1_s3_running_flip.avi,6,336,380,running,T
person03_running_d2,person03_running_d2_uncomp.avi,person03_running_d2_s0_running_original.avi,0,1,90,running,F
person03_running_d2,person03_running_d2_uncomp.avi,person03_running_d2_s0_running_flip.avi,0,1,90,running,T
person03_running_d2,person03_running_d2_uncomp.avi,person03_empty_d2_s0_running_original.avi,1,91,101,empty,F
person03_running_d2,person03_running_d2_uncomp.avi,person03_empty_d2_s0_running_flip.avi,1,91,101,empty,T
person03_running_d2,person03_running_d2_uncomp.avi,person03_running_d2_s1_running_original.avi,2,102,188,running,F
person03_running_d2,person03_running_d2_uncomp.avi,person03_running_d2_s1_running_flip.avi,2,102,188,running,T
person03_running_d2,person03_running_d2_uncomp.avi,person03_empty_d2_s1_running_original.avi,3,189,849,empty,F
person03_running_d2,person03_running_d2_uncomp.avi,person03_empty_d2_s1_running_flip.avi,3,189,849,empty,T
person03_running_d2,person03_running_d2_uncomp.avi,person03_running_d2_s2_running_original.avi,4,850,925,running,F
person03_running_d2,person03_running_d2_uncomp.avi,person03_running_d2_s2_running_flip.avi,4,850,925,running,T
person03_running_d2,person03_running_d2_uncomp.avi,person03_empty_d2_s2_running_original.avi,5,926,954,empty,F
person03_running_d2,person03_running_d2_uncomp.avi,person03_empty_d2_s2_running_flip.avi,5,926,954,empty,T
person03_running_d2,person03_running_d2_uncomp.avi,person03_running_d2_s3_running_original.avi,6,955,1032,running,F
person03_running_d2,person03_running_d2_uncomp.avi,person03_running_d2_s3_running_flip.avi,6,955,1032,running,T
person03_running_d3,person03_running_d3_uncomp.avi,person03_running_d3_s0_running_original.avi,0,1,34,running,F
person03_running_d3,person03_running_d3_uncomp.avi,person03_running_d3_s0_running_flip.avi,0,1,34,running,T
person03_running_d3,person03_running_d3_uncomp.avi,person03_empty_d3_s0_running_original.avi,1,35,91,empty,F
person03_running_d3,person03_running_d3_uncomp.avi,person03_empty_d3_s0_running_flip.avi,1,35,91,empty,T
person03_running_d3,person03_running_d3_uncomp.avi,person03_running_d3_s1_running_original.avi,2,92,126,running,F
person03_running_d3,person03_running_d3_uncomp.avi,person03_running_d3_s1_running_flip.avi,2,92,126,running,T
person03_running_d3,person03_running_d3_uncomp.avi,person03_empty_d3_s1_running_original.avi,3,127,231,empty,F
person03_running_d3,person03_running_d3_uncomp.avi,person03_empty_d3_s1_running_flip.avi,3,127,231,empty,T
person03_running_d3,person03_running_d3_uncomp.avi,person03_running_d3_s2_running_original.avi,4,232,268,running,F
person03_running_d3,person03_running_d3_uncomp.avi,person03_running_d3_s2_running_flip.avi,4,232,268,running,T
person03_running_d3,person03_running_d3_uncomp.avi,person03_empty_d3_s2_running_original.avi,5,269,341,empty,F
person03_running_d3,person03_running_d3_uncomp.avi,person03_empty_d3_s2_running_flip.avi,5,269,341,empty,T
person03_running_d3,person03_running_d3_uncomp.avi,person03_running_d3_s3_running_original.avi,6,342,375,running,F
person03_running_d3,person03_running_d3_uncomp.avi,person03_running_d3_s3_running_flip.avi,6,342,375,running,T
person03_running_d4,person03_running_d4_uncomp.avi,person03_running_d4_s0_running_original.avi,0,1,45,running,F
person03_running_d4,person03_running_d4_uncomp.avi,person03_running_d4_s0_running_flip.avi,0,1,45,running,T
person03_running_d4,person03_running_d4_uncomp.avi,person03_empty_d4_s0_running_original.avi,1,46,77,empty,F
person03_running_d4,person03_running_d4_uncomp.avi,person03_empty_d4_s0_running_flip.avi,1,46,77,empty,T
person03_running_d4,person03_running_d4_uncomp.avi,person03_running_d4_s1_running_original.avi,2,78,116,running,F
person03_running_d4,person03_running_d4_uncomp.avi,person03_running_d4_s1_running_flip.avi,2,78,116,running,T
person03_running_d4,person03_running_d4_uncomp.avi,person03_empty_d4_s1_running_original.avi,3,117,134,empty,F
person03_running_d4,person03_running_d4_uncomp.avi,person03_empty_d4_s1_running_flip.avi,3,117,134,empty,T
person03_running_d4,person03_running_d4_uncomp.avi,person03_running_d4_s2_running_original.avi,4,135,180,running,F
person03_running_d4,person03_running_d4_uncomp.avi,person03_running_d4_s2_running_flip.avi,4,135,180,running,T
person03_running_d4,person03_running_d4_uncomp.avi,person03_empty_d4_s2_running_original.avi,5,181,213,empty,F
person03_running_d4,person03_running_d4_uncomp.avi,person03_empty_d4_s2_running_flip.avi,5,181,213,empty,T
person03_running_d4,person03_running_d4_uncomp.avi,person03_running_d4_s3_running_original.avi,6,214,265,running,F
person03_running_d4,person03_running_d4_uncomp.avi,person03_running_d4_s3_running_flip.avi,6,214,265,running,T
person03_walking_d1,person03_walking_d1_uncomp.avi,person03_walking_d1_s0_walking_original.avi,0,1,104,walking,F
person03_walking_d1,person03_walking_d1_uncomp.avi,person03_walking_d1_s0_walking_flip.avi,0,1,104,walking,T
person03_walking_d1,person03_walking_d1_uncomp.avi,person03_empty_d1_s0_walking_original.avi,1,105,227,empty,F
person03_walking_d1,person03_walking_d1_uncomp.avi,person03_empty_d1_s0_walking_flip.avi,1,105,227,empty,T
person03_walking_d1,person03_walking_d1_uncomp.avi,person03_walking_d1_s1_walking_original.avi,2,228,330,walking,F
person03_walking_d1,person03_walking_d1_uncomp.avi,person03_walking_d1_s1_walking_flip.avi,2,228,330,walking,T
person03_walking_d1,person03_walking_d1_uncomp.avi,person03_empty_d1_s1_walking_original.avi,3,331,424,empty,F
person03_walking_d1,person03_walking_d1_uncomp.avi,person03_empty_d1_s1_walking_flip.avi,3,331,424,empty,T
person03_walking_d1,person03_walking_d1_uncomp.avi,person03_walking_d1_s2_walking_original.avi,4,425,526,walking,F
person03_walking_d1,person03_walking_d1_uncomp.avi,person03_walking_d1_s2_walking_flip.avi,4,425,526,walking,T
person03_walking_d1,person03_walking_d1_uncomp.avi,person03_empty_d1_s2_walking_original.avi,5,527,549,empty,F
person03_walking_d1,person03_walking_d1_uncomp.avi,person03_empty_d1_s2_walking_flip.avi,5,527,549,empty,T
person03_walking_d1,person03_walking_d1_uncomp.avi,person03_walking_d1_s3_walking_original.avi,6,550,640,walking,F
person03_walking_d1,person03_walking_d1_uncomp.avi,person03_walking_d1_s3_walking_flip.avi,6,550,640,walking,T
person03_walking_d2,person03_walking_d2_uncomp.avi,person03_walking_d2_s0_walking_original.avi,0,1,226,walking,F
person03_walking_d2,person03_walking_d2_uncomp.avi,person03_walking_d2_s0_walking_flip.avi,0,1,226,walking,T
person03_walking_d2,person03_walking_d2_uncomp.avi,person03_empty_d2_s0_walking_original.avi,1,227,237,empty,F
person03_walking_d2,person03_walking_d2_uncomp.avi,person03_empty_d2_s0_walking_flip.avi,1,227,237,empty,T
person03_walking_d2,person03_walking_d2_uncomp.avi,person03_walking_d2_s1_walking_original.avi,2,238,468,walking,F
person03_walking_d2,person03_walking_d2_uncomp.avi,person03_walking_d2_s1_walking_flip.avi,2,238,468,walking,T
person03_walking_d2,person03_walking_d2_uncomp.avi,person03_empty_d2_s1_walking_original.avi,3,469,477,empty,F
person03_walking_d2,person03_walking_d2_uncomp.avi,person03_empty_d2_s1_walking_flip.avi,3,469,477,empty,T
person03_walking_d2,person03_walking_d2_uncomp.avi,person03_walking_d2_s2_walking_original.avi,4,478,685,walking,F
person03_walking_d2,person03_walking_d2_uncomp.avi,person03_walking_d2_s2_walking_flip.avi,4,478,685,walking,T
person03_walking_d2,person03_walking_d2_uncomp.avi,person03_empty_d2_s2_walking_original.avi,5,686,764,empty,F
person03_walking_d2,person03_walking_d2_uncomp.avi,person03_empty_d2_s2_walking_flip.avi,5,686,764,empty,T
person03_walking_d2,person03_walking_d2_uncomp.avi,person03_walking_d2_s3_walking_original.avi,6,765,960,walking,F
person03_walking_d2,person03_walking_d2_uncomp.avi,person03_walking_d2_s3_walking_flip.avi,6,765,960,walking,T
person03_walking_d3,person03_walking_d3_uncomp.avi,person03_walking_d3_s0_walking_original.avi,0,1,128,walking,F
person03_walking_d3,person03_walking_d3_uncomp.avi,person03_walking_d3_s0_walking_flip.avi,0,1,128,walking,T
person03_walking_d3,person03_walking_d3_uncomp.avi,person03_empty_d3_s0_walking_original.avi,1,129,753,empty,F
person03_walking_d3,person03_walking_d3_uncomp.avi,person03_empty_d3_s0_walking_flip.avi,1,129,753,empty,T
person03_walking_d3,person03_walking_d3_uncomp.avi,person03_walking_d3_s1_walking_original.avi,2,754,834,walking,F
person03_walking_d3,person03_walking_d3_uncomp.avi,person03_walking_d3_s1_walking_flip.avi,2,754,834,walking,T
person03_walking_d3,person03_walking_d3_uncomp.avi,person03_empty_d3_s1_walking_original.avi,3,835,889,empty,F
person03_walking_d3,person03_walking_d3_uncomp.avi,person03_empty_d3_s1_walking_flip.avi,3,835,889,empty,T
person03_walking_d3,person03_walking_d3_uncomp.avi,person03_walking_d3_s2_walking_original.avi,4,890,975,walking,F
person03_walking_d3,person03_walking_d3_uncomp.avi,person03_walking_d3_s2_walking_flip.avi,4,890,975,walking,T
person03_walking_d3,person03_walking_d3_uncomp.avi,person03_empty_d3_s2_walking_original.avi,5,976,1031,empty,F
person03_walking_d3,person03_walking_d3_uncomp.avi,person03_empty_d3_s2_walking_flip.avi,5,976,1031,empty,T
person03_walking_d3,person03_walking_d3_uncomp.avi,person03_walking_d3_s3_walking_original.avi,6,1032,1120,walking,F
person03_walking_d3,person03_walking_d3_uncomp.avi,person03_walking_d3_s3_walking_flip.avi,6,1032,1120,walking,T
person03_walking_d4,person03_walking_d4_uncomp.avi,person03_walking_d4_s0_walking_original.avi,0,1,92,walking,F
person03_walking_d4,person03_walking_d4_uncomp.avi,person03_walking_d4_s0_walking_flip.avi,0,1,92,walking,T
person03_walking_d4,person03_walking_d4_uncomp.avi,person03_empty_d4_s0_walking_original.avi,1,93,117,empty,F
person03_walking_d4,person03_walking_d4_uncomp.avi,person03_empty_d4_s0_walking_flip.avi,1,93,117,empty,T
person03_walking_d4,person03_walking_d4_uncomp.avi,person03_walking_d4_s1_walking_original.avi,2,118,216,walking,F
person03_walking_d4,person03_walking_d4_uncomp.avi,person03_walking_d4_s1_walking_flip.avi,2,118,216,walking,T
person03_walking_d4,person03_walking_d4_uncomp.avi,person03_empty_d4_s1_walking_original.avi,3,217,231,empty,F
person03_walking_d4,person03_walking_d4_uncomp.avi,person03_empty_d4_s1_walking_flip.avi,3,217,231,empty,T
person03_walking_d4,person03_walking_d4_uncomp.avi,person03_walking_d4_s2_walking_original.avi,4,232,338,walking,F
person03_walking_d4,person03_walking_d4_uncomp.avi,person03_walking_d4_s2_walking_flip.avi,4,232,338,walking,T
person03_walking_d4,person03_walking_d4_uncomp.avi,person03_walking_d4_s3_walking_original.avi,5,338,432,walking,F
person03_walking_d4,person03_walking_d4_uncomp.avi,person03_walking_d4_s3_walking_flip.avi,5,338,432,walking,T
person04_boxing_d1,person04_boxing_d1_uncomp.avi,person04_boxing_d1_s0_boxing_original.avi,0,1,106,boxing,F
person04_boxing_d1,person04_boxing_d1_uncomp.avi,person04_boxing_d1_s0_boxing_flip.avi,0,1,106,boxing,T
person04_boxing_d1,person04_boxing_d1_uncomp.avi,person04_boxing_d1_s1_boxing_original.avi,1,107,184,boxing,F
person04_boxing_d1,person04_boxing_d1_uncomp.avi,person04_boxing_d1_s1_boxing_flip.avi,1,107,184,boxing,T
person04_boxing_d1,person04_boxing_d1_uncomp.avi,person04_boxing_d1_s2_boxing_original.avi,2,185,282,boxing,F
person04_boxing_d1,person04_boxing_d1_uncomp.avi,person04_boxing_d1_s2_boxing_flip.avi,2,185,282,boxing,T
person04_boxing_d1,person04_boxing_d1_uncomp.avi,person04_boxing_d1_s3_boxing_original.avi,3,283,328,boxing,F
person04_boxing_d1,person04_boxing_d1_uncomp.avi,person04_boxing_d1_s3_boxing_flip.avi,3,283,328,boxing,T
person04_boxing_d2,person04_boxing_d2_uncomp.avi,person04_boxing_d2_s0_boxing_original.avi,0,1,116,boxing,F
person04_boxing_d2,person04_boxing_d2_uncomp.avi,person04_boxing_d2_s0_boxing_flip.avi,0,1,116,boxing,T
person04_boxing_d2,person04_boxing_d2_uncomp.avi,person04_boxing_d2_s1_boxing_original.avi,1,117,205,boxing,F
person04_boxing_d2,person04_boxing_d2_uncomp.avi,person04_boxing_d2_s1_boxing_flip.avi,1,117,205,boxing,T
person04_boxing_d2,person04_boxing_d2_uncomp.avi,person04_boxing_d2_s2_boxing_original.avi,2,206,344,boxing,F
person04_boxing_d2,person04_boxing_d2_uncomp.avi,person04_boxing_d2_s2_boxing_flip.avi,2,206,344,boxing,T
person04_boxing_d2,person04_boxing_d2_uncomp.avi,person04_boxing_d2_s3_boxing_original.avi,3,345,475,boxing,F
person04_boxing_d2,person04_boxing_d2_uncomp.avi,person04_boxing_d2_s3_boxing_flip.avi,3,345,475,boxing,T
person04_boxing_d3,person04_boxing_d3_uncomp.avi,person04_boxing_d3_s0_boxing_original.avi,0,1,112,boxing,F
person04_boxing_d3,person04_boxing_d3_uncomp.avi,person04_boxing_d3_s0_boxing_flip.avi,0,1,112,boxing,T
person04_boxing_d3,person04_boxing_d3_uncomp.avi,person04_boxing_d3_s1_boxing_original.avi,1,113,216,boxing,F
person04_boxing_d3,person04_boxing_d3_uncomp.avi,person04_boxing_d3_s1_boxing_flip.avi,1,113,216,boxing,T
person04_boxing_d3,person04_boxing_d3_uncomp.avi,person04_boxing_d3_s2_boxing_original.avi,2,217,280,boxing,F
person04_boxing_d3,person04_boxing_d3_uncomp.avi,person04_boxing_d3_s2_boxing_flip.avi,2,217,280,boxing,T
person04_boxing_d3,person04_boxing_d3_uncomp.avi,person04_boxing_d3_s3_boxing_original.avi,3,281,390,boxing,F
person04_boxing_d3,person04_boxing_d3_uncomp.avi,person04_boxing_d3_s3_boxing_flip.avi,3,281,390,boxing,T
person04_boxing_d4,person04_boxing_d4_uncomp.avi,person04_boxing_d4_s0_boxing_original.avi,0,1,88,boxing,F
person04_boxing_d4,person04_boxing_d4_uncomp.avi,person04_boxing_d4_s0_boxing_flip.avi,0,1,88,boxing,T
person04_boxing_d4,person04_boxing_d4_uncomp.avi,person04_boxing_d4_s1_boxing_original.avi,1,89,220,boxing,F
person04_boxing_d4,person04_boxing_d4_uncomp.avi,person04_boxing_d4_s1_boxing_flip.avi,1,89,220,boxing,T
person04_boxing_d4,person04_boxing_d4_uncomp.avi,person04_boxing_d4_s2_boxing_original.avi,2,221,312,boxing,F
person04_boxing_d4,person04_boxing_d4_uncomp.avi,person04_boxing_d4_s2_boxing_flip.avi,2,221,312,boxing,T
person04_boxing_d4,person04_boxing_d4_uncomp.avi,person04_boxing_d4_s3_boxing_original.avi,3,313,378,boxing,F
person04_boxing_d4,person04_boxing_d4_uncomp.avi,person04_boxing_d4_s3_boxing_flip.avi,3,313,378,boxing,T
person04_handclapping_d1,person04_handclapping_d1_uncomp.avi,person04_handclapping_d1_s0_handclapping_original.avi,0,1,106,handclapping,F
person04_handclapping_d1,person04_handclapping_d1_uncomp.avi,person04_handclapping_d1_s0_handclapping_flip.avi,0,1,106,handclapping,T
person04_handclapping_d1,person04_handclapping_d1_uncomp.avi,person04_handclapping_d1_s1_handclapping_original.avi,1,107,235,handclapping,F
person04_handclapping_d1,person04_handclapping_d1_uncomp.avi,person04_handclapping_d1_s1_handclapping_flip.avi,1,107,235,handclapping,T
person04_handclapping_d1,person04_handclapping_d1_uncomp.avi,person04_handclapping_d1_s2_handclapping_original.avi,2,236,315,handclapping,F
person04_handclapping_d1,person04_handclapping_d1_uncomp.avi,person04_handclapping_d1_s2_handclapping_flip.avi,2,236,315,handclapping,T
person04_handclapping_d1,person04_handclapping_d1_uncomp.avi,person04_handclapping_d1_s3_handclapping_original.avi,3,316,393,handclapping,F
person04_handclapping_d1,person04_handclapping_d1_uncomp.avi,person04_handclapping_d1_s3_handclapping_flip.avi,3,316,393,handclapping,T
person04_handclapping_d2,person04_handclapping_d2_uncomp.avi,person04_handclapping_d2_s0_handclapping_original.avi,0,1,85,handclapping,F
person04_handclapping_d2,person04_handclapping_d2_uncomp.avi,person04_handclapping_d2_s0_handclapping_flip.avi,0,1,85,handclapping,T
person04_handclapping_d2,person04_handclapping_d2_uncomp.avi,person04_handclapping_d2_s1_handclapping_original.avi,1,86,195,handclapping,F
person04_handclapping_d2,person04_handclapping_d2_uncomp.avi,person04_handclapping_d2_s1_handclapping_flip.avi,1,86,195,handclapping,T
person04_handclapping_d2,person04_handclapping_d2_uncomp.avi,person04_handclapping_d2_s2_handclapping_original.avi,2,196,328,handclapping,F
person04_handclapping_d2,person04_handclapping_d2_uncomp.avi,person04_handclapping_d2_s2_handclapping_flip.avi,2,196,328,handclapping,T
person04_handclapping_d2,person04_handclapping_d2_uncomp.avi,person04_handclapping_d2_s3_handclapping_original.avi,3,329,460,handclapping,F
person04_handclapping_d2,person04_handclapping_d2_uncomp.avi,person04_handclapping_d2_s3_handclapping_flip.avi,3,329,460,handclapping,T
person04_handclapping_d3,person04_handclapping_d3_uncomp.avi,person04_handclapping_d3_s0_handclapping_original.avi,0,1,100,handclapping,F
person04_handclapping_d3,person04_handclapping_d3_uncomp.avi,person04_handclapping_d3_s0_handclapping_flip.avi,0,1,100,handclapping,T
person04_handclapping_d3,person04_handclapping_d3_uncomp.avi,person04_handclapping_d3_s1_handclapping_original.avi,1,101,200,handclapping,F
person04_handclapping_d3,person04_handclapping_d3_uncomp.avi,person04_handclapping_d3_s1_handclapping_flip.avi,1,101,200,handclapping,T
person04_handclapping_d3,person04_handclapping_d3_uncomp.avi,person04_handclapping_d3_s2_handclapping_original.avi,2,201,280,handclapping,F
person04_handclapping_d3,person04_handclapping_d3_uncomp.avi,person04_handclapping_d3_s2_handclapping_flip.avi,2,201,280,handclapping,T
person04_handclapping_d3,person04_handclapping_d3_uncomp.avi,person04_handclapping_d3_s3_handclapping_original.avi,3,281,382,handclapping,F
person04_handclapping_d3,person04_handclapping_d3_uncomp.avi,person04_handclapping_d3_s3_handclapping_flip.avi,3,281,382,handclapping,T
person04_handclapping_d4,person04_handclapping_d4_uncomp.avi,person04_handclapping_d4_s0_handclapping_original.avi,0,1,112,handclapping,F
person04_handclapping_d4,person04_handclapping_d4_uncomp.avi,person04_handclapping_d4_s0_handclapping_flip.avi,0,1,112,handclapping,T
person04_handclapping_d4,person04_handclapping_d4_uncomp.avi,person04_handclapping_d4_s1_handclapping_original.avi,1,113,224,handclapping,F
person04_handclapping_d4,person04_handclapping_d4_uncomp.avi,person04_handclapping_d4_s1_handclapping_flip.avi,1,113,224,handclapping,T
person04_handclapping_d4,person04_handclapping_d4_uncomp.avi,person04_handclapping_d4_s2_handclapping_original.avi,2,225,360,handclapping,F
person04_handclapping_d4,person04_handclapping_d4_uncomp.avi,person04_handclapping_d4_s2_handclapping_flip.avi,2,225,360,handclapping,T
person04_handclapping_d4,person04_handclapping_d4_uncomp.avi,person04_handclapping_d4_s3_handclapping_original.avi,3,361,418,handclapping,F
person04_handclapping_d4,person04_handclapping_d4_uncomp.avi,person04_handclapping_d4_s3_handclapping_flip.avi,3,361,418,handclapping,T
person04_handwaving_d1,person04_handwaving_d1_uncomp.avi,person04_handwaving_d1_s0_handwaving_original.avi,0,1,110,handwaving,F
person04_handwaving_d1,person04_handwaving_d1_uncomp.avi,person04_handwaving_d1_s0_handwaving_flip.avi,0,1,110,handwaving,T
person04_handwaving_d1,person04_handwaving_d1_uncomp.avi,person04_handwaving_d1_s1_handwaving_original.avi,1,111,255,handwaving,F
person04_handwaving_d1,person04_handwaving_d1_uncomp.avi,person04_handwaving_d1_s1_handwaving_flip.avi,1,111,255,handwaving,T
person04_handwaving_d1,person04_handwaving_d1_uncomp.avi,person04_empty_d1_s0_handwaving_original.avi,2,256,379,empty,F
person04_handwaving_d1,person04_handwaving_d1_uncomp.avi,person04_empty_d1_s0_handwaving_flip.avi,2,256,379,empty,T
person04_handwaving_d1,person04_handwaving_d1_uncomp.avi,person04_handwaving_d1_s2_handwaving_original.avi,3,380,534,handwaving,F
person04_handwaving_d1,person04_handwaving_d1_uncomp.avi,person04_handwaving_d1_s2_handwaving_flip.avi,3,380,534,handwaving,T
person04_handwaving_d1,person04_handwaving_d1_uncomp.avi,person04_handwaving_d1_s3_handwaving_original.avi,4,535,732,handwaving,F
person04_handwaving_d1,person04_handwaving_d1_uncomp.avi,person04_handwaving_d1_s3_handwaving_flip.avi,4,535,732,handwaving,T
person04_handwaving_d2,person04_handwaving_d2_uncomp.avi,person04_handwaving_d2_s0_handwaving_original.avi,0,1,124,handwaving,F
person04_handwaving_d2,person04_handwaving_d2_uncomp.avi,person04_handwaving_d2_s0_handwaving_flip.avi,0,1,124,handwaving,T
person04_handwaving_d2,person04_handwaving_d2_uncomp.avi,person04_handwaving_d2_s1_handwaving_original.avi,1,125,252,handwaving,F
person04_handwaving_d2,person04_handwaving_d2_uncomp.avi,person04_handwaving_d2_s1_handwaving_flip.avi,1,125,252,handwaving,T
person04_handwaving_d2,person04_handwaving_d2_uncomp.avi,person04_handwaving_d2_s2_handwaving_original.avi,2,253,422,handwaving,F
person04_handwaving_d2,person04_handwaving_d2_uncomp.avi,person04_handwaving_d2_s2_handwaving_flip.avi,2,253,422,handwaving,T
person04_handwaving_d2,person04_handwaving_d2_uncomp.avi,person04_handwaving_d2_s3_handwaving_original.avi,3,423,562,handwaving,F
person04_handwaving_d2,person04_handwaving_d2_uncomp.avi,person04_handwaving_d2_s3_handwaving_flip.avi,3,423,562,handwaving,T
person04_handwaving_d3,person04_handwaving_d3_uncomp.avi,person04_handwaving_d3_s0_handwaving_original.avi,0,1,112,handwaving,F
person04_handwaving_d3,person04_handwaving_d3_uncomp.avi,person04_handwaving_d3_s0_handwaving_flip.avi,0,1,112,handwaving,T
person04_handwaving_d3,person04_handwaving_d3_uncomp.avi,person04_handwaving_d3_s1_handwaving_original.avi,1,113,264,handwaving,F
person04_handwaving_d3,person04_handwaving_d3_uncomp.avi,person04_handwaving_d3_s1_handwaving_flip.avi,1,113,264,handwaving,T
person04_handwaving_d3,person04_handwaving_d3_uncomp.avi,person04_handwaving_d3_s2_handwaving_original.avi,2,265,380,handwaving,F
person04_handwaving_d3,person04_handwaving_d3_uncomp.avi,person04_handwaving_d3_s2_handwaving_flip.avi,2,265,380,handwaving,T
person04_handwaving_d3,person04_handwaving_d3_uncomp.avi,person04_handwaving_d3_s3_handwaving_original.avi,3,381,538,handwaving,F
person04_handwaving_d3,person04_handwaving_d3_uncomp.avi,person04_handwaving_d3_s3_handwaving_flip.avi,3,381,538,handwaving,T
person04_handwaving_d4,person04_handwaving_d4_uncomp.avi,person04_handwaving_d4_s0_handwaving_original.avi,0,1,132,handwaving,F
person04_handwaving_d4,person04_handwaving_d4_uncomp.avi,person04_handwaving_d4_s0_handwaving_flip.avi,0,1,132,handwaving,T
person04_handwaving_d4,person04_handwaving_d4_uncomp.avi,person04_handwaving_d4_s1_handwaving_original.avi,1,133,258,handwaving,F
person04_handwaving_d4,person04_handwaving_d4_uncomp.avi,person04_handwaving_d4_s1_handwaving_flip.avi,1,133,258,handwaving,T
person04_handwaving_d4,person04_handwaving_d4_uncomp.avi,person04_handwaving_d4_s2_handwaving_original.avi,2,259,380,handwaving,F
person04_handwaving_d4,person04_handwaving_d4_uncomp.avi,person04_handwaving_d4_s2_handwaving_flip.avi,2,259,380,handwaving,T
person04_handwaving_d4,person04_handwaving_d4_uncomp.avi,person04_handwaving_d4_s3_handwaving_original.avi,3,381,460,handwaving,F
person04_handwaving_d4,person04_handwaving_d4_uncomp.avi,person04_handwaving_d4_s3_handwaving_flip.avi,3,381,460,handwaving,T
person04_jogging_d1,person04_jogging_d1_uncomp.avi,person04_jogging_d1_s0_jogging_original.avi,0,1,50,jogging,F
person04_jogging_d1,person04_jogging_d1_uncomp.avi,person04_jogging_d1_s0_jogging_flip.avi,0,1,50,jogging,T
person04_jogging_d1,person04_jogging_d1_uncomp.avi,person04_empty_d1_s0_jogging_original.avi,1,51,85,empty,F
person04_jogging_d1,person04_jogging_d1_uncomp.avi,person04_empty_d1_s0_jogging_flip.avi,1,51,85,empty,T
person04_jogging_d1,person04_jogging_d1_uncomp.avi,person04_jogging_d1_s1_jogging_original.avi,2,86,142,jogging,F
person04_jogging_d1,person04_jogging_d1_uncomp.avi,person04_jogging_d1_s1_jogging_flip.avi,2,86,142,jogging,T
person04_jogging_d1,person04_jogging_d1_uncomp.avi,person04_empty_d1_s1_jogging_original.avi,3,143,200,empty,F
person04_jogging_d1,person04_jogging_d1_uncomp.avi,person04_empty_d1_s1_jogging_flip.avi,3,143,200,empty,T
person04_jogging_d1,person04_jogging_d1_uncomp.avi,person04_jogging_d1_s2_jogging_original.avi,4,201,254,jogging,F
person04_jogging_d1,person04_jogging_d1_uncomp.avi,person04_jogging_d1_s2_jogging_flip.avi,4,201,254,jogging,T
person04_jogging_d1,person04_jogging_d1_uncomp.avi,person04_empty_d1_s2_jogging_original.avi,5,255,277,empty,F
person04_jogging_d1,person04_jogging_d1_uncomp.avi,person04_empty_d1_s2_jogging_flip.avi,5,255,277,empty,T
person04_jogging_d1,person04_jogging_d1_uncomp.avi,person04_jogging_d1_s3_jogging_original.avi,6,278,335,jogging,F
person04_jogging_d1,person04_jogging_d1_uncomp.avi,person04_jogging_d1_s3_jogging_flip.avi,6,278,335,jogging,T
person04_jogging_d2,person04_jogging_d2_uncomp.avi,person04_jogging_d2_s0_jogging_original.avi,0,1,85,jogging,F
person04_jogging_d2,person04_jogging_d2_uncomp.avi,person04_jogging_d2_s0_jogging_flip.avi,0,1,85,jogging,T
person04_jogging_d2,person04_jogging_d2_uncomp.avi,person04_empty_d2_s0_jogging_original.avi,1,86,147,empty,F
person04_jogging_d2,person04_jogging_d2_uncomp.avi,person04_empty_d2_s0_jogging_flip.avi,1,86,147,empty,T
person04_jogging_d2,person04_jogging_d2_uncomp.avi,person04_jogging_d2_s1_jogging_original.avi,2,148,250,jogging,F
person04_jogging_d2,person04_jogging_d2_uncomp.avi,person04_jogging_d2_s1_jogging_flip.avi,2,148,250,jogging,T
person04_jogging_d2,person04_jogging_d2_uncomp.avi,person04_empty_d2_s1_jogging_original.avi,3,251,269,empty,F
person04_jogging_d2,person04_jogging_d2_uncomp.avi,person04_empty_d2_s1_jogging_flip.avi,3,251,269,empty,T
person04_jogging_d2,person04_jogging_d2_uncomp.avi,person04_jogging_d2_s2_jogging_original.avi,4,270,365,jogging,F
person04_jogging_d2,person04_jogging_d2_uncomp.avi,person04_jogging_d2_s2_jogging_flip.avi,4,270,365,jogging,T
person04_jogging_d2,person04_jogging_d2_uncomp.avi,person04_empty_d2_s2_jogging_original.avi,5,366,399,empty,F
person04_jogging_d2,person04_jogging_d2_uncomp.avi,person04_empty_d2_s2_jogging_flip.avi,5,366,399,empty,T
person04_jogging_d2,person04_jogging_d2_uncomp.avi,person04_jogging_d2_s3_jogging_original.avi,6,400,510,jogging,F
person04_jogging_d2,person04_jogging_d2_uncomp.avi,person04_jogging_d2_s3_jogging_flip.avi,6,400,510,jogging,T
person04_jogging_d3,person04_jogging_d3_uncomp.avi,person04_jogging_d3_s0_jogging_original.avi,0,1,50,jogging,F
person04_jogging_d3,person04_jogging_d3_uncomp.avi,person04_jogging_d3_s0_jogging_flip.avi,0,1,50,jogging,T
person04_jogging_d3,person04_jogging_d3_uncomp.avi,person04_empty_d3_s0_jogging_original.avi,1,51,87,empty,F
person04_jogging_d3,person04_jogging_d3_uncomp.avi,person04_empty_d3_s0_jogging_flip.avi,1,51,87,empty,T
person04_jogging_d3,person04_jogging_d3_uncomp.avi,person04_jogging_d3_s1_jogging_original.avi,2,88,140,jogging,F
person04_jogging_d3,person04_jogging_d3_uncomp.avi,person04_jogging_d3_s1_jogging_flip.avi,2,88,140,jogging,T
person04_jogging_d3,person04_jogging_d3_uncomp.avi,person04_empty_d3_s1_jogging_original.avi,3,141,184,empty,F
person04_jogging_d3,person04_jogging_d3_uncomp.avi,person04_empty_d3_s1_jogging_flip.avi,3,141,184,empty,T
person04_jogging_d3,person04_jogging_d3_uncomp.avi,person04_jogging_d3_s2_jogging_original.avi,4,185,238,jogging,F
person04_jogging_d3,person04_jogging_d3_uncomp.avi,person04_jogging_d3_s2_jogging_flip.avi,4,185,238,jogging,T
person04_jogging_d3,person04_jogging_d3_uncomp.avi,person04_empty_d3_s2_jogging_original.avi,5,239,274,empty,F
person04_jogging_d3,person04_jogging_d3_uncomp.avi,person04_empty_d3_s2_jogging_flip.avi,5,239,274,empty,T
person04_jogging_d3,person04_jogging_d3_uncomp.avi,person04_jogging_d3_s3_jogging_original.avi,6,275,325,jogging,F
person04_jogging_d3,person04_jogging_d3_uncomp.avi,person04_jogging_d3_s3_jogging_flip.avi,6,275,325,jogging,T
person04_jogging_d4,person04_jogging_d4_uncomp.avi,person04_jogging_d4_s0_jogging_original.avi,0,1,70,jogging,F
person04_jogging_d4,person04_jogging_d4_uncomp.avi,person04_jogging_d4_s0_jogging_flip.avi,0,1,70,jogging,T
person04_jogging_d4,person04_jogging_d4_uncomp.avi,person04_empty_d4_s0_jogging_original.avi,1,71,81,empty,F
person04_jogging_d4,person04_jogging_d4_uncomp.avi,person04_empty_d4_s0_jogging_flip.avi,1,71,81,empty,T
person04_jogging_d4,person04_jogging_d4_uncomp.avi,person04_jogging_d4_s1_jogging_original.avi,2,82,145,jogging,F
person04_jogging_d4,person04_jogging_d4_uncomp.avi,person04_jogging_d4_s1_jogging_flip.avi,2,82,145,jogging,T
person04_jogging_d4,person04_jogging_d4_uncomp.avi,person04_empty_d4_s1_jogging_original.avi,3,146,151,empty,F
person04_jogging_d4,person04_jogging_d4_uncomp.avi,person04_empty_d4_s1_jogging_flip.avi,3,146,151,empty,T
person04_jogging_d4,person04_jogging_d4_uncomp.avi,person04_jogging_d4_s2_jogging_original.avi,4,152,225,jogging,F
person04_jogging_d4,person04_jogging_d4_uncomp.avi,person04_jogging_d4_s2_jogging_flip.avi,4,152,225,jogging,T
person04_jogging_d4,person04_jogging_d4_uncomp.avi,person04_empty_d4_s2_jogging_original.avi,5,226,234,empty,F
person04_jogging_d4,person04_jogging_d4_uncomp.avi,person04_empty_d4_s2_jogging_flip.avi,5,226,234,empty,T
person04_jogging_d4,person04_jogging_d4_uncomp.avi,person04_jogging_d4_s3_jogging_original.avi,6,235,302,jogging,F
person04_jogging_d4,person04_jogging_d4_uncomp.avi,person04_jogging_d4_s3_jogging_flip.avi,6,235,302,jogging,T
person04_running_d1,person04_running_d1_uncomp.avi,person04_running_d1_s0_running_original.avi,0,1,35,running,F
person04_running_d1,person04_running_d1_uncomp.avi,person04_running_d1_s0_running_flip.avi,0,1,35,running,T
person04_running_d1,person04_running_d1_uncomp.avi,person04_empty_d1_s0_running_original.avi,1,36,57,empty,F
person04_running_d1,person04_running_d1_uncomp.avi,person04_empty_d1_s0_running_flip.avi,1,36,57,empty,T
person04_running_d1,person04_running_d1_uncomp.avi,person04_running_d1_s1_running_original.avi,2,58,98,running,F
person04_running_d1,person04_running_d1_uncomp.avi,person04_running_d1_s1_running_flip.avi,2,58,98,running,T
person04_running_d1,person04_running_d1_uncomp.avi,person04_empty_d1_s1_running_original.avi,3,99,141,empty,F
person04_running_d1,person04_running_d1_uncomp.avi,person04_empty_d1_s1_running_flip.avi,3,99,141,empty,T
person04_running_d1,person04_running_d1_uncomp.avi,person04_running_d1_s2_running_original.avi,4,142,180,running,F
person04_running_d1,person04_running_d1_uncomp.avi,person04_running_d1_s2_running_flip.avi,4,142,180,running,T
person04_running_d1,person04_running_d1_uncomp.avi,person04_empty_d1_s2_running_original.avi,5,181,201,empty,F
person04_running_d1,person04_running_d1_uncomp.avi,person04_empty_d1_s2_running_flip.avi,5,181,201,empty,T
person04_running_d1,person04_running_d1_uncomp.avi,person04_running_d1_s3_running_original.avi,6,202,242,running,F
person04_running_d1,person04_running_d1_uncomp.avi,person04_running_d1_s3_running_flip.avi,6,202,242,running,T
person04_running_d2,person04_running_d2_uncomp.avi,person04_running_d2_s0_running_original.avi,0,1,78,running,F
person04_running_d2,person04_running_d2_uncomp.avi,person04_running_d2_s0_running_flip.avi,0,1,78,running,T
person04_running_d2,person04_running_d2_uncomp.avi,person04_empty_d2_s0_running_original.avi,1,79,114,empty,F
person04_running_d2,person04_running_d2_uncomp.avi,person04_empty_d2_s0_running_flip.avi,1,79,114,empty,T
person04_running_d2,person04_running_d2_uncomp.avi,person04_running_d2_s1_running_original.avi,2,115,172,running,F
person04_running_d2,person04_running_d2_uncomp.avi,person04_running_d2_s1_running_flip.avi,2,115,172,running,T
person04_running_d2,person04_running_d2_uncomp.avi,person04_empty_d2_s1_running_original.avi,3,173,209,empty,F
person04_running_d2,person04_running_d2_uncomp.avi,person04_empty_d2_s1_running_flip.avi,3,173,209,empty,T
person04_running_d2,person04_running_d2_uncomp.avi,person04_running_d2_s2_running_original.avi,4,210,270,running,F
person04_running_d2,person04_running_d2_uncomp.avi,person04_running_d2_s2_running_flip.avi,4,210,270,running,T
person04_running_d2,person04_running_d2_uncomp.avi,person04_empty_d2_s2_running_original.avi,5,271,301,empty,F
person04_running_d2,person04_running_d2_uncomp.avi,person04_empty_d2_s2_running_flip.avi,5,271,301,empty,T
person04_running_d2,person04_running_d2_uncomp.avi,person04_running_d2_s3_running_original.avi,6,302,370,running,F
person04_running_d2,person04_running_d2_uncomp.avi,person04_running_d2_s3_running_flip.avi,6,302,370,running,T
person04_running_d3,person04_running_d3_uncomp.avi,person04_running_d3_s0_running_original.avi,0,1,35,running,F
person04_running_d3,person04_running_d3_uncomp.avi,person04_running_d3_s0_running_flip.avi,0,1,35,running,T
person04_running_d3,person04_running_d3_uncomp.avi,person04_empty_d3_s0_running_original.avi,1,36,69,empty,F
person04_running_d3,person04_running_d3_uncomp.avi,person04_empty_d3_s0_running_flip.avi,1,36,69,empty,T
person04_running_d3,person04_running_d3_uncomp.avi,person04_running_d3_s1_running_original.avi,2,70,105,running,F
person04_running_d3,person04_running_d3_uncomp.avi,person04_running_d3_s1_running_flip.avi,2,70,105,running,T
person04_running_d3,person04_running_d3_uncomp.avi,person04_empty_d3_s1_running_original.avi,3,106,144,empty,F
person04_running_d3,person04_running_d3_uncomp.avi,person04_empty_d3_s1_running_flip.avi,3,106,144,empty,T
person04_running_d3,person04_running_d3_uncomp.avi,person04_running_d3_s2_running_original.avi,4,145,180,running,F
person04_running_d3,person04_running_d3_uncomp.avi,person04_running_d3_s2_running_flip.avi,4,145,180,running,T
person04_running_d3,person04_running_d3_uncomp.avi,person04_empty_d3_s2_running_original.avi,5,181,217,empty,F
person04_running_d3,person04_running_d3_uncomp.avi,person04_empty_d3_s2_running_flip.avi,5,181,217,empty,T
person04_running_d3,person04_running_d3_uncomp.avi,person04_running_d3_s3_running_original.avi,6,218,255,running,F
person04_running_d3,person04_running_d3_uncomp.avi,person04_running_d3_s3_running_flip.avi,6,218,255,running,T
person04_running_d4,person04_running_d4_uncomp.avi,person04_running_d4_s0_running_original.avi,0,1,50,running,F
person04_running_d4,person04_running_d4_uncomp.avi,person04_running_d4_s0_running_flip.avi,0,1,50,running,T
person04_running_d4,person04_running_d4_uncomp.avi,person04_empty_d4_s0_running_original.avi,1,51,61,empty,F
person04_running_d4,person04_running_d4_uncomp.avi,person04_empty_d4_s0_running_flip.avi,1,51,61,empty,T
person04_running_d4,person04_running_d4_uncomp.avi,person04_running_d4_s1_running_original.avi,2,62,108,running,F
person04_running_d4,person04_running_d4_uncomp.avi,person04_running_d4_s1_running_flip.avi,2,62,108,running,T
person04_running_d4,person04_running_d4_uncomp.avi,person04_empty_d4_s1_running_original.avi,3,109,119,empty,F
person04_running_d4,person04_running_d4_uncomp.avi,person04_empty_d4_s1_running_flip.avi,3,109,119,empty,T
person04_running_d4,person04_running_d4_uncomp.avi,person04_running_d4_s2_running_original.avi,4,120,170,running,F
person04_running_d4,person04_running_d4_uncomp.avi,person04_running_d4_s2_running_flip.avi,4,120,170,running,T
person04_running_d4,person04_running_d4_uncomp.avi,person04_empty_d4_s2_running_original.avi,5,171,171,empty,F
person04_running_d4,person04_running_d4_uncomp.avi,person04_empty_d4_s2_running_flip.avi,5,171,171,empty,T
person04_running_d4,person04_running_d4_uncomp.avi,person04_running_d4_s3_running_original.avi,6,172,230,running,F
person04_running_d4,person04_running_d4_uncomp.avi,person04_running_d4_s3_running_flip.avi,6,172,230,running,T
person04_walking_d1,person04_walking_d1_uncomp.avi,person04_walking_d1_s0_walking_original.avi,0,1,85,walking,F
person04_walking_d1,person04_walking_d1_uncomp.avi,person04_walking_d1_s0_walking_flip.avi,0,1,85,walking,T
person04_walking_d1,person04_walking_d1_uncomp.avi,person04_empty_d1_s0_walking_original.avi,1,86,107,empty,F
person04_walking_d1,person04_walking_d1_uncomp.avi,person04_empty_d1_s0_walking_flip.avi,1,86,107,empty,T
person04_walking_d1,person04_walking_d1_uncomp.avi,person04_walking_d1_s1_walking_original.avi,2,108,196,walking,F
person04_walking_d1,person04_walking_d1_uncomp.avi,person04_walking_d1_s1_walking_flip.avi,2,108,196,walking,T
person04_walking_d1,person04_walking_d1_uncomp.avi,person04_empty_d1_s1_walking_original.avi,3,197,267,empty,F
person04_walking_d1,person04_walking_d1_uncomp.avi,person04_empty_d1_s1_walking_flip.avi,3,197,267,empty,T
person04_walking_d1,person04_walking_d1_uncomp.avi,person04_walking_d1_s2_walking_original.avi,4,268,356,walking,F
person04_walking_d1,person04_walking_d1_uncomp.avi,person04_walking_d1_s2_walking_flip.avi,4,268,356,walking,T
person04_walking_d1,person04_walking_d1_uncomp.avi,person04_empty_d1_s2_walking_original.avi,5,357,381,empty,F
person04_walking_d1,person04_walking_d1_uncomp.avi,person04_empty_d1_s2_walking_flip.avi,5,357,381,empty,T
person04_walking_d1,person04_walking_d1_uncomp.avi,person04_walking_d1_s3_walking_original.avi,6,382,470,walking,F
person04_walking_d1,person04_walking_d1_uncomp.avi,person04_walking_d1_s3_walking_flip.avi,6,382,470,walking,T
person04_walking_d2,person04_walking_d2_uncomp.avi,person04_walking_d2_s0_walking_original.avi,0,1,155,walking,F
person04_walking_d2,person04_walking_d2_uncomp.avi,person04_walking_d2_s0_walking_flip.avi,0,1,155,walking,T
person04_walking_d2,person04_walking_d2_uncomp.avi,person04_empty_d2_s0_walking_original.avi,1,156,211,empty,F
person04_walking_d2,person04_walking_d2_uncomp.avi,person04_empty_d2_s0_walking_flip.avi,1,156,211,empty,T
person04_walking_d2,person04_walking_d2_uncomp.avi,person04_walking_d2_s1_walking_original.avi,2,212,380,walking,F
person04_walking_d2,person04_walking_d2_uncomp.avi,person04_walking_d2_s1_walking_flip.avi,2,212,380,walking,T
person04_walking_d2,person04_walking_d2_uncomp.avi,person04_empty_d2_s1_walking_original.avi,3,381,484,empty,F
person04_walking_d2,person04_walking_d2_uncomp.avi,person04_empty_d2_s1_walking_flip.avi,3,381,484,empty,T
person04_walking_d2,person04_walking_d2_uncomp.avi,person04_walking_d2_s2_walking_original.avi,4,485,630,walking,F
person04_walking_d2,person04_walking_d2_uncomp.avi,person04_walking_d2_s2_walking_flip.avi,4,485,630,walking,T
person04_walking_d2,person04_walking_d2_uncomp.avi,person04_empty_d2_s2_walking_original.avi,5,631,679,empty,F
person04_walking_d2,person04_walking_d2_uncomp.avi,person04_empty_d2_s2_walking_flip.avi,5,631,679,empty,T
person04_walking_d2,person04_walking_d2_uncomp.avi,person04_walking_d2_s3_walking_original.avi,6,680,840,walking,F
person04_walking_d2,person04_walking_d2_uncomp.avi,person04_walking_d2_s3_walking_flip.avi,6,680,840,walking,T
person04_walking_d3,person04_walking_d3_uncomp.avi,person04_walking_d3_s0_walking_original.avi,0,1,74,walking,F
person04_walking_d3,person04_walking_d3_uncomp.avi,person04_walking_d3_s0_walking_flip.avi,0,1,74,walking,T
person04_walking_d3,person04_walking_d3_uncomp.avi,person04_empty_d3_s0_walking_original.avi,1,75,127,empty,F
person04_walking_d3,person04_walking_d3_uncomp.avi,person04_empty_d3_s0_walking_flip.avi,1,75,127,empty,T
person04_walking_d3,person04_walking_d3_uncomp.avi,person04_walking_d3_s1_walking_original.avi,2,128,215,walking,F
person04_walking_d3,person04_walking_d3_uncomp.avi,person04_walking_d3_s1_walking_flip.avi,2,128,215,walking,T
person04_walking_d3,person04_walking_d3_uncomp.avi,person04_empty_d3_s1_walking_original.avi,3,216,271,empty,F
person04_walking_d3,person04_walking_d3_uncomp.avi,person04_empty_d3_s1_walking_flip.avi,3,216,271,empty,T
person04_walking_d3,person04_walking_d3_uncomp.avi,person04_walking_d3_s2_walking_original.avi,4,272,350,walking,F
person04_walking_d3,person04_walking_d3_uncomp.avi,person04_walking_d3_s2_walking_flip.avi,4,272,350,walking,T
person04_walking_d3,person04_walking_d3_uncomp.avi,person04_empty_d3_s2_walking_original.avi,5,351,393,empty,F
person04_walking_d3,person04_walking_d3_uncomp.avi,person04_empty_d3_s2_walking_flip.avi,5,351,393,empty,T
person04_walking_d3,person04_walking_d3_uncomp.avi,person04_walking_d3_s3_walking_original.avi,6,394,480,walking,F
person04_walking_d3,person04_walking_d3_uncomp.avi,person04_walking_d3_s3_walking_flip.avi,6,394,480,walking,T
person04_walking_d4,person04_walking_d4_uncomp.avi,person04_walking_d4_s0_walking_original.avi,0,1,100,walking,F
person04_walking_d4,person04_walking_d4_uncomp.avi,person04_walking_d4_s0_walking_flip.avi,0,1,100,walking,T
person04_walking_d4,person04_walking_d4_uncomp.avi,person04_empty_d4_s0_walking_original.avi,1,101,111,empty,F
person04_walking_d4,person04_walking_d4_uncomp.avi,person04_empty_d4_s0_walking_flip.avi,1,101,111,empty,T
person04_walking_d4,person04_walking_d4_uncomp.avi,person04_walking_d4_s1_walking_original.avi,2,112,205,walking,F
person04_walking_d4,person04_walking_d4_uncomp.avi,person04_walking_d4_s1_walking_flip.avi,2,112,205,walking,T
person04_walking_d4,person04_walking_d4_uncomp.avi,person04_empty_d4_s1_walking_original.avi,3,206,217,empty,F
person04_walking_d4,person04_walking_d4_uncomp.avi,person04_empty_d4_s1_walking_flip.avi,3,206,217,empty,T
person04_walking_d4,person04_walking_d4_uncomp.avi,person04_walking_d4_s2_walking_original.avi,4,218,310,walking,F
person04_walking_d4,person04_walking_d4_uncomp.avi,person04_walking_d4_s2_walking_flip.avi,4,218,310,walking,T
person04_walking_d4,person04_walking_d4_uncomp.avi,person04_empty_d4_s2_walking_original.avi,5,311,327,empty,F
person04_walking_d4,person04_walking_d4_uncomp.avi,person04_empty_d4_s2_walking_flip.avi,5,311,327,empty,T
person04_walking_d4,person04_walking_d4_uncomp.avi,person04_walking_d4_s3_walking_original.avi,6,328,418,walking,F
person04_walking_d4,person04_walking_d4_uncomp.avi,person04_walking_d4_s3_walking_flip.avi,6,328,418,walking,T
person05_boxing_d1,person05_boxing_d1_uncomp.avi,person05_boxing_d1_s0_boxing_original.avi,0,1,136,boxing,F
person05_boxing_d1,person05_boxing_d1_uncomp.avi,person05_boxing_d1_s0_boxing_flip.avi,0,1,136,boxing,T
person05_boxing_d1,person05_boxing_d1_uncomp.avi,person05_boxing_d1_s1_boxing_original.avi,1,137,237,boxing,F
person05_boxing_d1,person05_boxing_d1_uncomp.avi,person05_boxing_d1_s1_boxing_flip.avi,1,137,237,boxing,T
person05_boxing_d1,person05_boxing_d1_uncomp.avi,person05_boxing_d1_s2_boxing_original.avi,2,238,372,boxing,F
person05_boxing_d1,person05_boxing_d1_uncomp.avi,person05_boxing_d1_s2_boxing_flip.avi,2,238,372,boxing,T
person05_boxing_d1,person05_boxing_d1_uncomp.avi,person05_boxing_d1_s3_boxing_original.avi,3,373,438,boxing,F
person05_boxing_d1,person05_boxing_d1_uncomp.avi,person05_boxing_d1_s3_boxing_flip.avi,3,373,438,boxing,T
person05_boxing_d2,person05_boxing_d2_uncomp.avi,person05_boxing_d2_s0_boxing_original.avi,0,1,78,boxing,F
person05_boxing_d2,person05_boxing_d2_uncomp.avi,person05_boxing_d2_s0_boxing_flip.avi,0,1,78,boxing,T
person05_boxing_d2,person05_boxing_d2_uncomp.avi,person05_boxing_d2_s1_boxing_original.avi,1,79,215,boxing,F
person05_boxing_d2,person05_boxing_d2_uncomp.avi,person05_boxing_d2_s1_boxing_flip.avi,1,79,215,boxing,T
person05_boxing_d2,person05_boxing_d2_uncomp.avi,person05_boxing_d2_s2_boxing_original.avi,2,216,326,boxing,F
person05_boxing_d2,person05_boxing_d2_uncomp.avi,person05_boxing_d2_s2_boxing_flip.avi,2,216,326,boxing,T
person05_boxing_d2,person05_boxing_d2_uncomp.avi,person05_boxing_d2_s3_boxing_original.avi,3,327,444,boxing,F
person05_boxing_d2,person05_boxing_d2_uncomp.avi,person05_boxing_d2_s3_boxing_flip.avi,3,327,444,boxing,T
person05_boxing_d3,person05_boxing_d3_uncomp.avi,person05_boxing_d3_s0_boxing_original.avi,0,1,96,boxing,F
person05_boxing_d3,person05_boxing_d3_uncomp.avi,person05_boxing_d3_s0_boxing_flip.avi,0,1,96,boxing,T
person05_boxing_d3,person05_boxing_d3_uncomp.avi,person05_boxing_d3_s1_boxing_original.avi,1,97,225,boxing,F
person05_boxing_d3,person05_boxing_d3_uncomp.avi,person05_boxing_d3_s1_boxing_flip.avi,1,97,225,boxing,T
person05_boxing_d3,person05_boxing_d3_uncomp.avi,person05_boxing_d3_s2_boxing_original.avi,2,226,352,boxing,F
person05_boxing_d3,person05_boxing_d3_uncomp.avi,person05_boxing_d3_s2_boxing_flip.avi,2,226,352,boxing,T
person05_boxing_d3,person05_boxing_d3_uncomp.avi,person05_boxing_d3_s3_boxing_original.avi,3,353,430,boxing,F
person05_boxing_d3,person05_boxing_d3_uncomp.avi,person05_boxing_d3_s3_boxing_flip.avi,3,353,430,boxing,T
person05_boxing_d4,person05_boxing_d4_uncomp.avi,person05_boxing_d4_s0_boxing_original.avi,0,1,126,boxing,F
person05_boxing_d4,person05_boxing_d4_uncomp.avi,person05_boxing_d4_s0_boxing_flip.avi,0,1,126,boxing,T
person05_boxing_d4,person05_boxing_d4_uncomp.avi,person05_boxing_d4_s1_boxing_original.avi,1,127,232,boxing,F
person05_boxing_d4,person05_boxing_d4_uncomp.avi,person05_boxing_d4_s1_boxing_flip.avi,1,127,232,boxing,T
person05_boxing_d4,person05_boxing_d4_uncomp.avi,person05_boxing_d4_s2_boxing_original.avi,2,233,338,boxing,F
person05_boxing_d4,person05_boxing_d4_uncomp.avi,person05_boxing_d4_s2_boxing_flip.avi,2,233,338,boxing,T
person05_boxing_d4,person05_boxing_d4_uncomp.avi,person05_boxing_d4_s3_boxing_original.avi,3,339,450,boxing,F
person05_boxing_d4,person05_boxing_d4_uncomp.avi,person05_boxing_d4_s3_boxing_flip.avi,3,339,450,boxing,T
person05_handclapping_d1,person05_handclapping_d1_uncomp.avi,person05_handclapping_d1_s0_handclapping_original.avi,0,1,128,handclapping,F
person05_handclapping_d1,person05_handclapping_d1_uncomp.avi,person05_handclapping_d1_s0_handclapping_flip.avi,0,1,128,handclapping,T
person05_handclapping_d1,person05_handclapping_d1_uncomp.avi,person05_handclapping_d1_s1_handclapping_original.avi,1,129,220,handclapping,F
person05_handclapping_d1,person05_handclapping_d1_uncomp.avi,person05_handclapping_d1_s1_handclapping_flip.avi,1,129,220,handclapping,T
person05_handclapping_d1,person05_handclapping_d1_uncomp.avi,person05_handclapping_d1_s2_handclapping_original.avi,2,221,330,handclapping,F
person05_handclapping_d1,person05_handclapping_d1_uncomp.avi,person05_handclapping_d1_s2_handclapping_flip.avi,2,221,330,handclapping,T
person05_handclapping_d1,person05_handclapping_d1_uncomp.avi,person05_handclapping_d1_s3_handclapping_original.avi,3,331,422,handclapping,F
person05_handclapping_d1,person05_handclapping_d1_uncomp.avi,person05_handclapping_d1_s3_handclapping_flip.avi,3,331,422,handclapping,T
person05_handclapping_d2,person05_handclapping_d2_uncomp.avi,person05_handclapping_d2_s0_handclapping_original.avi,0,1,102,handclapping,F
person05_handclapping_d2,person05_handclapping_d2_uncomp.avi,person05_handclapping_d2_s0_handclapping_flip.avi,0,1,102,handclapping,T
person05_handclapping_d2,person05_handclapping_d2_uncomp.avi,person05_handclapping_d2_s1_handclapping_original.avi,1,103,234,handclapping,F
person05_handclapping_d2,person05_handclapping_d2_uncomp.avi,person05_handclapping_d2_s1_handclapping_flip.avi,1,103,234,handclapping,T
person05_handclapping_d2,person05_handclapping_d2_uncomp.avi,person05_handclapping_d2_s2_handclapping_original.avi,2,235,350,handclapping,F
person05_handclapping_d2,person05_handclapping_d2_uncomp.avi,person05_handclapping_d2_s2_handclapping_flip.avi,2,235,350,handclapping,T
person05_handclapping_d2,person05_handclapping_d2_uncomp.avi,person05_handclapping_d2_s3_handclapping_original.avi,3,351,428,handclapping,F
person05_handclapping_d2,person05_handclapping_d2_uncomp.avi,person05_handclapping_d2_s3_handclapping_flip.avi,3,351,428,handclapping,T
person05_handclapping_d3,person05_handclapping_d3_uncomp.avi,person05_handclapping_d3_s0_handclapping_original.avi,0,1,124,handclapping,F
person05_handclapping_d3,person05_handclapping_d3_uncomp.avi,person05_handclapping_d3_s0_handclapping_flip.avi,0,1,124,handclapping,T
person05_handclapping_d3,person05_handclapping_d3_uncomp.avi,person05_handclapping_d3_s1_handclapping_original.avi,1,125,224,handclapping,F
person05_handclapping_d3,person05_handclapping_d3_uncomp.avi,person05_handclapping_d3_s1_handclapping_flip.avi,1,125,224,handclapping,T
person05_handclapping_d3,person05_handclapping_d3_uncomp.avi,person05_handclapping_d3_s2_handclapping_original.avi,2,225,310,handclapping,F
person05_handclapping_d3,person05_handclapping_d3_uncomp.avi,person05_handclapping_d3_s2_handclapping_flip.avi,2,225,310,handclapping,T
person05_handclapping_d3,person05_handclapping_d3_uncomp.avi,person05_handclapping_d3_s3_handclapping_original.avi,3,311,435,handclapping,F
person05_handclapping_d3,person05_handclapping_d3_uncomp.avi,person05_handclapping_d3_s3_handclapping_flip.avi,3,311,435,handclapping,T
person05_handclapping_d4,person05_handclapping_d4_uncomp.avi,person05_handclapping_d4_s0_handclapping_original.avi,0,1,100,handclapping,F
person05_handclapping_d4,person05_handclapping_d4_uncomp.avi,person05_handclapping_d4_s0_handclapping_flip.avi,0,1,100,handclapping,T
person05_handclapping_d4,person05_handclapping_d4_uncomp.avi,person05_handclapping_d4_s1_handclapping_original.avi,1,101,198,handclapping,F
person05_handclapping_d4,person05_handclapping_d4_uncomp.avi,person05_handclapping_d4_s1_handclapping_flip.avi,1,101,198,handclapping,T
person05_handclapping_d4,person05_handclapping_d4_uncomp.avi,person05_handclapping_d4_s2_handclapping_original.avi,2,199,328,handclapping,F
person05_handclapping_d4,person05_handclapping_d4_uncomp.avi,person05_handclapping_d4_s2_handclapping_flip.avi,2,199,328,handclapping,T
person05_handclapping_d4,person05_handclapping_d4_uncomp.avi,person05_handclapping_d4_s3_handclapping_original.avi,3,329,455,handclapping,F
person05_handclapping_d4,person05_handclapping_d4_uncomp.avi,person05_handclapping_d4_s3_handclapping_flip.avi,3,329,455,handclapping,T
person05_handwaving_d1,person05_handwaving_d1_uncomp.avi,person05_handwaving_d1_s0_handwaving_original.avi,0,1,140,handwaving,F
person05_handwaving_d1,person05_handwaving_d1_uncomp.avi,person05_handwaving_d1_s0_handwaving_flip.avi,0,1,140,handwaving,T
person05_handwaving_d1,person05_handwaving_d1_uncomp.avi,person05_handwaving_d1_s1_handwaving_original.avi,1,141,246,handwaving,F
person05_handwaving_d1,person05_handwaving_d1_uncomp.avi,person05_handwaving_d1_s1_handwaving_flip.avi,1,141,246,handwaving,T
person05_handwaving_d1,person05_handwaving_d1_uncomp.avi,person05_handwaving_d1_s2_handwaving_original.avi,2,247,352,handwaving,F
person05_handwaving_d1,person05_handwaving_d1_uncomp.avi,person05_handwaving_d1_s2_handwaving_flip.avi,2,247,352,handwaving,T
person05_handwaving_d1,person05_handwaving_d1_uncomp.avi,person05_handwaving_d1_s3_handwaving_original.avi,3,353,460,handwaving,F
person05_handwaving_d1,person05_handwaving_d1_uncomp.avi,person05_handwaving_d1_s3_handwaving_flip.avi,3,353,460,handwaving,T
person05_handwaving_d2,person05_handwaving_d2_uncomp.avi,person05_handwaving_d2_s0_handwaving_original.avi,0,1,136,handwaving,F
person05_handwaving_d2,person05_handwaving_d2_uncomp.avi,person05_handwaving_d2_s0_handwaving_flip.avi,0,1,136,handwaving,T
person05_handwaving_d2,person05_handwaving_d2_uncomp.avi,person05_handwaving_d2_s1_handwaving_original.avi,1,137,232,handwaving,F
person05_handwaving_d2,person05_handwaving_d2_uncomp.avi,person05_handwaving_d2_s1_handwaving_flip.avi,1,137,232,handwaving,T
person05_handwaving_d2,person05_handwaving_d2_uncomp.avi,person05_handwaving_d2_s2_handwaving_original.avi,2,233,366,handwaving,F
person05_handwaving_d2,person05_handwaving_d2_uncomp.avi,person05_handwaving_d2_s2_handwaving_flip.avi,2,233,366,handwaving,T
person05_handwaving_d2,person05_handwaving_d2_uncomp.avi,person05_handwaving_d2_s3_handwaving_original.avi,3,367,468,handwaving,F
person05_handwaving_d2,person05_handwaving_d2_uncomp.avi,person05_handwaving_d2_s3_handwaving_flip.avi,3,367,468,handwaving,T
person05_handwaving_d3,person05_handwaving_d3_uncomp.avi,person05_handwaving_d3_s0_handwaving_original.avi,0,1,128,handwaving,F
person05_handwaving_d3,person05_handwaving_d3_uncomp.avi,person05_handwaving_d3_s0_handwaving_flip.avi,0,1,128,handwaving,T
person05_handwaving_d3,person05_handwaving_d3_uncomp.avi,person05_handwaving_d3_s1_handwaving_original.avi,1,129,224,handwaving,F
person05_handwaving_d3,person05_handwaving_d3_uncomp.avi,person05_handwaving_d3_s1_handwaving_flip.avi,1,129,224,handwaving,T
person05_handwaving_d3,person05_handwaving_d3_uncomp.avi,person05_handwaving_d3_s2_handwaving_original.avi,2,225,322,handwaving,F
person05_handwaving_d3,person05_handwaving_d3_uncomp.avi,person05_handwaving_d3_s2_handwaving_flip.avi,2,225,322,handwaving,T
person05_handwaving_d3,person05_handwaving_d3_uncomp.avi,person05_handwaving_d3_s3_handwaving_original.avi,3,323,452,handwaving,F
person05_handwaving_d3,person05_handwaving_d3_uncomp.avi,person05_handwaving_d3_s3_handwaving_flip.avi,3,323,452,handwaving,T
person05_handwaving_d4,person05_handwaving_d4_uncomp.avi,person05_handwaving_d4_s0_handwaving_original.avi,0,1,138,handwaving,F
person05_handwaving_d4,person05_handwaving_d4_uncomp.avi,person05_handwaving_d4_s0_handwaving_flip.avi,0,1,138,handwaving,T
person05_handwaving_d4,person05_handwaving_d4_uncomp.avi,person05_handwaving_d4_s1_handwaving_original.avi,1,139,236,handwaving,F
person05_handwaving_d4,person05_handwaving_d4_uncomp.avi,person05_handwaving_d4_s1_handwaving_flip.avi,1,139,236,handwaving,T
person05_handwaving_d4,person05_handwaving_d4_uncomp.avi,person05_handwaving_d4_s2_handwaving_original.avi,2,237,332,handwaving,F
person05_handwaving_d4,person05_handwaving_d4_uncomp.avi,person05_handwaving_d4_s2_handwaving_flip.avi,2,237,332,handwaving,T
person05_handwaving_d4,person05_handwaving_d4_uncomp.avi,person05_handwaving_d4_s3_handwaving_original.avi,3,333,432,handwaving,F
person05_handwaving_d4,person05_handwaving_d4_uncomp.avi,person05_handwaving_d4_s3_handwaving_flip.avi,3,333,432,handwaving,T
person05_jogging_d1,person05_jogging_d1_uncomp.avi,person05_jogging_d1_s0_jogging_original.avi,0,1,45,jogging,F
person05_jogging_d1,person05_jogging_d1_uncomp.avi,person05_jogging_d1_s0_jogging_flip.avi,0,1,45,jogging,T
person05_jogging_d1,person05_jogging_d1_uncomp.avi,person05_empty_d1_s0_jogging_original.avi,1,46,109,empty,F
person05_jogging_d1,person05_jogging_d1_uncomp.avi,person05_empty_d1_s0_jogging_flip.avi,1,46,109,empty,T
person05_jogging_d1,person05_jogging_d1_uncomp.avi,person05_jogging_d1_s1_jogging_original.avi,2,110,156,jogging,F
person05_jogging_d1,person05_jogging_d1_uncomp.avi,person05_jogging_d1_s1_jogging_flip.avi,2,110,156,jogging,T
person05_jogging_d1,person05_jogging_d1_uncomp.avi,person05_empty_d1_s1_jogging_original.avi,3,157,211,empty,F
person05_jogging_d1,person05_jogging_d1_uncomp.avi,person05_empty_d1_s1_jogging_flip.avi,3,157,211,empty,T
person05_jogging_d1,person05_jogging_d1_uncomp.avi,person05_jogging_d1_s2_jogging_original.avi,4,212,260,jogging,F
person05_jogging_d1,person05_jogging_d1_uncomp.avi,person05_jogging_d1_s2_jogging_flip.avi,4,212,260,jogging,T
person05_jogging_d1,person05_jogging_d1_uncomp.avi,person05_empty_d1_s2_jogging_original.avi,5,261,329,empty,F
person05_jogging_d1,person05_jogging_d1_uncomp.avi,person05_empty_d1_s2_jogging_flip.avi,5,261,329,empty,T
person05_jogging_d1,person05_jogging_d1_uncomp.avi,person05_jogging_d1_s3_jogging_original.avi,6,330,378,jogging,F
person05_jogging_d1,person05_jogging_d1_uncomp.avi,person05_jogging_d1_s3_jogging_flip.avi,6,330,378,jogging,T
person05_jogging_d2,person05_jogging_d2_uncomp.avi,person05_jogging_d2_s0_jogging_original.avi,0,1,62,jogging,F
person05_jogging_d2,person05_jogging_d2_uncomp.avi,person05_jogging_d2_s0_jogging_flip.avi,0,1,62,jogging,T
person05_jogging_d2,person05_jogging_d2_uncomp.avi,person05_empty_d2_s0_jogging_original.avi,1,63,127,empty,F
person05_jogging_d2,person05_jogging_d2_uncomp.avi,person05_empty_d2_s0_jogging_flip.avi,1,63,127,empty,T
person05_jogging_d2,person05_jogging_d2_uncomp.avi,person05_jogging_d2_s1_jogging_original.avi,2,128,190,jogging,F
person05_jogging_d2,person05_jogging_d2_uncomp.avi,person05_jogging_d2_s1_jogging_flip.avi,2,128,190,jogging,T
person05_jogging_d2,person05_jogging_d2_uncomp.avi,person05_empty_d2_s1_jogging_original.avi,3,191,225,empty,F
person05_jogging_d2,person05_jogging_d2_uncomp.avi,person05_empty_d2_s1_jogging_flip.avi,3,191,225,empty,T
person05_jogging_d2,person05_jogging_d2_uncomp.avi,person05_jogging_d2_s2_jogging_original.avi,4,226,288,jogging,F
person05_jogging_d2,person05_jogging_d2_uncomp.avi,person05_jogging_d2_s2_jogging_flip.avi,4,226,288,jogging,T
person05_jogging_d2,person05_jogging_d2_uncomp.avi,person05_empty_d2_s2_jogging_original.avi,5,289,341,empty,F
person05_jogging_d2,person05_jogging_d2_uncomp.avi,person05_empty_d2_s2_jogging_flip.avi,5,289,341,empty,T
person05_jogging_d2,person05_jogging_d2_uncomp.avi,person05_jogging_d2_s3_jogging_original.avi,6,342,400,jogging,F
person05_jogging_d2,person05_jogging_d2_uncomp.avi,person05_jogging_d2_s3_jogging_flip.avi,6,342,400,jogging,T
person05_jogging_d3,person05_jogging_d3_uncomp.avi,person05_jogging_d3_s0_jogging_original.avi,0,1,54,jogging,F
person05_jogging_d3,person05_jogging_d3_uncomp.avi,person05_jogging_d3_s0_jogging_flip.avi,0,1,54,jogging,T
person05_jogging_d3,person05_jogging_d3_uncomp.avi,person05_empty_d3_s0_jogging_original.avi,1,55,94,empty,F
person05_jogging_d3,person05_jogging_d3_uncomp.avi,person05_empty_d3_s0_jogging_flip.avi,1,55,94,empty,T
person05_jogging_d3,person05_jogging_d3_uncomp.avi,person05_jogging_d3_s1_jogging_original.avi,2,95,148,jogging,F
person05_jogging_d3,person05_jogging_d3_uncomp.avi,person05_jogging_d3_s1_jogging_flip.avi,2,95,148,jogging,T
person05_jogging_d3,person05_jogging_d3_uncomp.avi,person05_empty_d3_s1_jogging_original.avi,3,149,187,empty,F
person05_jogging_d3,person05_jogging_d3_uncomp.avi,person05_empty_d3_s1_jogging_flip.avi,3,149,187,empty,T
person05_jogging_d3,person05_jogging_d3_uncomp.avi,person05_jogging_d3_s2_jogging_original.avi,4,188,235,jogging,F
person05_jogging_d3,person05_jogging_d3_uncomp.avi,person05_jogging_d3_s2_jogging_flip.avi,4,188,235,jogging,T
person05_jogging_d3,person05_jogging_d3_uncomp.avi,person05_empty_d3_s2_jogging_original.avi,5,236,303,empty,F
person05_jogging_d3,person05_jogging_d3_uncomp.avi,person05_empty_d3_s2_jogging_flip.avi,5,236,303,empty,T
person05_jogging_d3,person05_jogging_d3_uncomp.avi,person05_jogging_d3_s3_jogging_original.avi,6,304,352,jogging,F
person05_jogging_d3,person05_jogging_d3_uncomp.avi,person05_jogging_d3_s3_jogging_flip.avi,6,304,352,jogging,T
person05_jogging_d4,person05_jogging_d4_uncomp.avi,person05_jogging_d4_s0_jogging_original.avi,0,1,64,jogging,F
person05_jogging_d4,person05_jogging_d4_uncomp.avi,person05_jogging_d4_s0_jogging_flip.avi,0,1,64,jogging,T
person05_jogging_d4,person05_jogging_d4_uncomp.avi,person05_empty_d4_s0_jogging_original.avi,1,65,105,empty,F
person05_jogging_d4,person05_jogging_d4_uncomp.avi,person05_empty_d4_s0_jogging_flip.avi,1,65,105,empty,T
person05_jogging_d4,person05_jogging_d4_uncomp.avi,person05_jogging_d4_s1_jogging_original.avi,2,106,170,jogging,F
person05_jogging_d4,person05_jogging_d4_uncomp.avi,person05_jogging_d4_s1_jogging_flip.avi,2,106,170,jogging,T
person05_jogging_d4,person05_jogging_d4_uncomp.avi,person05_empty_d4_s1_jogging_original.avi,3,171,179,empty,F
person05_jogging_d4,person05_jogging_d4_uncomp.avi,person05_empty_d4_s1_jogging_flip.avi,3,171,179,empty,T
person05_jogging_d4,person05_jogging_d4_uncomp.avi,person05_jogging_d4_s2_jogging_original.avi,4,180,240,jogging,F
person05_jogging_d4,person05_jogging_d4_uncomp.avi,person05_jogging_d4_s2_jogging_flip.avi,4,180,240,jogging,T
person05_jogging_d4,person05_jogging_d4_uncomp.avi,person05_empty_d4_s2_jogging_original.avi,5,241,299,empty,F
person05_jogging_d4,person05_jogging_d4_uncomp.avi,person05_empty_d4_s2_jogging_flip.avi,5,241,299,empty,T
person05_jogging_d4,person05_jogging_d4_uncomp.avi,person05_jogging_d4_s3_jogging_original.avi,6,300,365,jogging,F
person05_jogging_d4,person05_jogging_d4_uncomp.avi,person05_jogging_d4_s3_jogging_flip.avi,6,300,365,jogging,T
person05_running_d1,person05_running_d1_uncomp.avi,person05_running_d1_s0_running_original.avi,0,1,36,running,F
person05_running_d1,person05_running_d1_uncomp.avi,person05_running_d1_s0_running_flip.avi,0,1,36,running,T
person05_running_d1,person05_running_d1_uncomp.avi,person05_empty_d1_s0_running_original.avi,1,37,79,empty,F
person05_running_d1,person05_running_d1_uncomp.avi,person05_empty_d1_s0_running_flip.avi,1,37,79,empty,T
person05_running_d1,person05_running_d1_uncomp.avi,person05_running_d1_s1_running_original.avi,2,80,118,running,F
person05_running_d1,person05_running_d1_uncomp.avi,person05_running_d1_s1_running_flip.avi,2,80,118,running,T
person05_running_d1,person05_running_d1_uncomp.avi,person05_empty_d1_s1_running_original.avi,3,119,169,empty,F
person05_running_d1,person05_running_d1_uncomp.avi,person05_empty_d1_s1_running_flip.avi,3,119,169,empty,T
person05_running_d1,person05_running_d1_uncomp.avi,person05_running_d1_s2_running_original.avi,4,170,202,running,F
person05_running_d1,person05_running_d1_uncomp.avi,person05_running_d1_s2_running_flip.avi,4,170,202,running,T
person05_running_d1,person05_running_d1_uncomp.avi,person05_empty_d1_s2_running_original.avi,5,203,251,empty,F
person05_running_d1,person05_running_d1_uncomp.avi,person05_empty_d1_s2_running_flip.avi,5,203,251,empty,T
person05_running_d1,person05_running_d1_uncomp.avi,person05_running_d1_s3_running_original.avi,6,252,285,running,F
person05_running_d1,person05_running_d1_uncomp.avi,person05_running_d1_s3_running_flip.avi,6,252,285,running,T
person05_running_d2,person05_running_d2_uncomp.avi,person05_running_d2_s0_running_original.avi,0,1,45,running,F
person05_running_d2,person05_running_d2_uncomp.avi,person05_running_d2_s0_running_flip.avi,0,1,45,running,T
person05_running_d2,person05_running_d2_uncomp.avi,person05_empty_d2_s0_running_original.avi,1,46,97,empty,F
person05_running_d2,person05_running_d2_uncomp.avi,person05_empty_d2_s0_running_flip.avi,1,46,97,empty,T
person05_running_d2,person05_running_d2_uncomp.avi,person05_running_d2_s1_running_original.avi,2,98,140,running,F
person05_running_d2,person05_running_d2_uncomp.avi,person05_running_d2_s1_running_flip.avi,2,98,140,running,T
person05_running_d2,person05_running_d2_uncomp.avi,person05_empty_d2_s1_running_original.avi,3,141,187,empty,F
person05_running_d2,person05_running_d2_uncomp.avi,person05_empty_d2_s1_running_flip.avi,3,141,187,empty,T
person05_running_d2,person05_running_d2_uncomp.avi,person05_running_d2_s2_running_original.avi,4,188,232,running,F
person05_running_d2,person05_running_d2_uncomp.avi,person05_running_d2_s2_running_flip.avi,4,188,232,running,T
person05_running_d2,person05_running_d2_uncomp.avi,person05_empty_d2_s2_running_original.avi,5,233,289,empty,F
person05_running_d2,person05_running_d2_uncomp.avi,person05_empty_d2_s2_running_flip.avi,5,233,289,empty,T
person05_running_d2,person05_running_d2_uncomp.avi,person05_running_d2_s3_running_original.avi,6,290,334,running,F
person05_running_d2,person05_running_d2_uncomp.avi,person05_running_d2_s3_running_flip.avi,6,290,334,running,T
person05_running_d3,person05_running_d3_uncomp.avi,person05_running_d3_s0_running_original.avi,0,1,40,running,F
person05_running_d3,person05_running_d3_uncomp.avi,person05_running_d3_s0_running_flip.avi,0,1,40,running,T
person05_running_d3,person05_running_d3_uncomp.avi,person05_empty_d3_s0_running_original.avi,1,41,85,empty,F
person05_running_d3,person05_running_d3_uncomp.avi,person05_empty_d3_s0_running_flip.avi,1,41,85,empty,T
person05_running_d3,person05_running_d3_uncomp.avi,person05_running_d3_s1_running_original.avi,2,86,126,running,F
person05_running_d3,person05_running_d3_uncomp.avi,person05_running_d3_s1_running_flip.avi,2,86,126,running,T
person05_running_d3,person05_running_d3_uncomp.avi,person05_empty_d3_s1_running_original.avi,3,127,184,empty,F
person05_running_d3,person05_running_d3_uncomp.avi,person05_empty_d3_s1_running_flip.avi,3,127,184,empty,T
person05_running_d3,person05_running_d3_uncomp.avi,person05_running_d3_s2_running_original.avi,4,185,220,running,F
person05_running_d3,person05_running_d3_uncomp.avi,person05_running_d3_s2_running_flip.avi,4,185,220,running,T
person05_running_d3,person05_running_d3_uncomp.avi,person05_empty_d3_s2_running_original.avi,5,221,281,empty,F
person05_running_d3,person05_running_d3_uncomp.avi,person05_empty_d3_s2_running_flip.avi,5,221,281,empty,T
person05_running_d3,person05_running_d3_uncomp.avi,person05_running_d3_s3_running_original.avi,6,282,322,running,F
person05_running_d3,person05_running_d3_uncomp.avi,person05_running_d3_s3_running_flip.avi,6,282,322,running,T
person05_running_d4,person05_running_d4_uncomp.avi,person05_running_d4_s0_running_original.avi,0,1,52,running,F
person05_running_d4,person05_running_d4_uncomp.avi,person05_running_d4_s0_running_flip.avi,0,1,52,running,T
person05_running_d4,person05_running_d4_uncomp.avi,person05_empty_d4_s0_running_original.avi,1,53,97,empty,F
person05_running_d4,person05_running_d4_uncomp.avi,person05_empty_d4_s0_running_flip.avi,1,53,97,empty,T
person05_running_d4,person05_running_d4_uncomp.avi,person05_running_d4_s1_running_original.avi,2,98,145,running,F
person05_running_d4,person05_running_d4_uncomp.avi,person05_running_d4_s1_running_flip.avi,2,98,145,running,T
person05_running_d4,person05_running_d4_uncomp.avi,person05_empty_d4_s1_running_original.avi,3,146,154,empty,F
person05_running_d4,person05_running_d4_uncomp.avi,person05_empty_d4_s1_running_flip.avi,3,146,154,empty,T
person05_running_d4,person05_running_d4_uncomp.avi,person05_running_d4_s2_running_original.avi,4,155,202,running,F
person05_running_d4,person05_running_d4_uncomp.avi,person05_running_d4_s2_running_flip.avi,4,155,202,running,T
person05_running_d4,person05_running_d4_uncomp.avi,person05_empty_d4_s2_running_original.avi,5,203,259,empty,F
person05_running_d4,person05_running_d4_uncomp.avi,person05_empty_d4_s2_running_flip.avi,5,203,259,empty,T
person05_running_d4,person05_running_d4_uncomp.avi,person05_running_d4_s3_running_original.avi,6,260,312,running,F
person05_running_d4,person05_running_d4_uncomp.avi,person05_running_d4_s3_running_flip.avi,6,260,312,running,T
person05_walking_d1,person05_walking_d1_uncomp.avi,person05_walking_d1_s0_walking_original.avi,0,1,75,walking,F
person05_walking_d1,person05_walking_d1_uncomp.avi,person05_walking_d1_s0_walking_flip.avi,0,1,75,walking,T
person05_walking_d1,person05_walking_d1_uncomp.avi,person05_empty_d1_s0_walking_original.avi,1,76,139,empty,F
person05_walking_d1,person05_walking_d1_uncomp.avi,person05_empty_d1_s0_walking_flip.avi,1,76,139,empty,T
person05_walking_d1,person05_walking_d1_uncomp.avi,person05_walking_d1_s1_walking_original.avi,2,140,215,walking,F
person05_walking_d1,person05_walking_d1_uncomp.avi,person05_walking_d1_s1_walking_flip.avi,2,140,215,walking,T
person05_walking_d1,person05_walking_d1_uncomp.avi,person05_empty_d1_s1_walking_original.avi,3,216,311,empty,F
person05_walking_d1,person05_walking_d1_uncomp.avi,person05_empty_d1_s1_walking_flip.avi,3,216,311,empty,T
person05_walking_d1,person05_walking_d1_uncomp.avi,person05_walking_d1_s2_walking_original.avi,4,312,382,walking,F
person05_walking_d1,person05_walking_d1_uncomp.avi,person05_walking_d1_s2_walking_flip.avi,4,312,382,walking,T
person05_walking_d1,person05_walking_d1_uncomp.avi,person05_empty_d1_s2_walking_original.avi,5,383,451,empty,F
person05_walking_d1,person05_walking_d1_uncomp.avi,person05_empty_d1_s2_walking_flip.avi,5,383,451,empty,T
person05_walking_d1,person05_walking_d1_uncomp.avi,person05_walking_d1_s3_walking_original.avi,6,452,535,walking,F
person05_walking_d1,person05_walking_d1_uncomp.avi,person05_walking_d1_s3_walking_flip.avi,6,452,535,walking,T
person05_walking_d2,person05_walking_d2_uncomp.avi,person05_walking_d2_s0_walking_original.avi,0,1,115,walking,F
person05_walking_d2,person05_walking_d2_uncomp.avi,person05_walking_d2_s0_walking_flip.avi,0,1,115,walking,T
person05_walking_d2,person05_walking_d2_uncomp.avi,person05_empty_d2_s0_walking_original.avi,1,116,207,empty,F
person05_walking_d2,person05_walking_d2_uncomp.avi,person05_empty_d2_s0_walking_flip.avi,1,116,207,empty,T
person05_walking_d2,person05_walking_d2_uncomp.avi,person05_walking_d2_s1_walking_original.avi,2,208,318,walking,F
person05_walking_d2,person05_walking_d2_uncomp.avi,person05_walking_d2_s1_walking_flip.avi,2,208,318,walking,T
person05_walking_d2,person05_walking_d2_uncomp.avi,person05_empty_d2_s1_walking_original.avi,3,319,364,empty,F
person05_walking_d2,person05_walking_d2_uncomp.avi,person05_empty_d2_s1_walking_flip.avi,3,319,364,empty,T
person05_walking_d2,person05_walking_d2_uncomp.avi,person05_walking_d2_s2_walking_original.avi,4,365,480,walking,F
person05_walking_d2,person05_walking_d2_uncomp.avi,person05_walking_d2_s2_walking_flip.avi,4,365,480,walking,T
person05_walking_d2,person05_walking_d2_uncomp.avi,person05_empty_d2_s2_walking_original.avi,5,481,559,empty,F
person05_walking_d2,person05_walking_d2_uncomp.avi,person05_empty_d2_s2_walking_flip.avi,5,481,559,empty,T
person05_walking_d2,person05_walking_d2_uncomp.avi,person05_walking_d2_s3_walking_original.avi,6,560,675,walking,F
person05_walking_d2,person05_walking_d2_uncomp.avi,person05_walking_d2_s3_walking_flip.avi,6,560,675,walking,T
person05_walking_d3,person05_walking_d3_uncomp.avi,person05_walking_d3_s0_walking_original.avi,0,1,85,walking,F
person05_walking_d3,person05_walking_d3_uncomp.avi,person05_walking_d3_s0_walking_flip.avi,0,1,85,walking,T
person05_walking_d3,person05_walking_d3_uncomp.avi,person05_empty_d3_s0_walking_original.avi,1,86,171,empty,F
person05_walking_d3,person05_walking_d3_uncomp.avi,person05_empty_d3_s0_walking_flip.avi,1,86,171,empty,T
person05_walking_d3,person05_walking_d3_uncomp.avi,person05_walking_d3_s1_walking_original.avi,2,172,258,walking,F
person05_walking_d3,person05_walking_d3_uncomp.avi,person05_walking_d3_s1_walking_flip.avi,2,172,258,walking,T
person05_walking_d3,person05_walking_d3_uncomp.avi,person05_empty_d3_s1_walking_original.avi,3,259,317,empty,F
person05_walking_d3,person05_walking_d3_uncomp.avi,person05_empty_d3_s1_walking_flip.avi,3,259,317,empty,T
person05_walking_d3,person05_walking_d3_uncomp.avi,person05_walking_d3_s2_walking_original.avi,4,318,395,walking,F
person05_walking_d3,person05_walking_d3_uncomp.avi,person05_walking_d3_s2_walking_flip.avi,4,318,395,walking,T
person05_walking_d3,person05_walking_d3_uncomp.avi,person05_empty_d3_s2_walking_original.avi,5,396,474,empty,F
person05_walking_d3,person05_walking_d3_uncomp.avi,person05_empty_d3_s2_walking_flip.avi,5,396,474,empty,T
person05_walking_d3,person05_walking_d3_uncomp.avi,person05_walking_d3_s3_walking_original.avi,6,475,552,walking,F
person05_walking_d3,person05_walking_d3_uncomp.avi,person05_walking_d3_s3_walking_flip.avi,6,475,552,walking,T
person05_walking_d4,person05_walking_d4_uncomp.avi,person05_walking_d4_s0_walking_original.avi,0,1,102,walking,F
person05_walking_d4,person05_walking_d4_uncomp.avi,person05_walking_d4_s0_walking_flip.avi,0,1,102,walking,T
person05_walking_d4,person05_walking_d4_uncomp.avi,person05_empty_d4_s0_walking_original.avi,1,103,141,empty,F
person05_walking_d4,person05_walking_d4_uncomp.avi,person05_empty_d4_s0_walking_flip.avi,1,103,141,empty,T
person05_walking_d4,person05_walking_d4_uncomp.avi,person05_walking_d4_s1_walking_original.avi,2,142,240,walking,F
person05_walking_d4,person05_walking_d4_uncomp.avi,person05_walking_d4_s1_walking_flip.avi,2,142,240,walking,T
person05_walking_d4,person05_walking_d4_uncomp.avi,person05_empty_d4_s1_walking_original.avi,3,241,251,empty,F
person05_walking_d4,person05_walking_d4_uncomp.avi,person05_empty_d4_s1_walking_flip.avi,3,241,251,empty,T
person05_walking_d4,person05_walking_d4_uncomp.avi,person05_walking_d4_s2_walking_original.avi,4,252,348,walking,F
person05_walking_d4,person05_walking_d4_uncomp.avi,person05_walking_d4_s2_walking_flip.avi,4,252,348,walking,T
person05_walking_d4,person05_walking_d4_uncomp.avi,person05_empty_d4_s2_walking_original.avi,5,349,407,empty,F
person05_walking_d4,person05_walking_d4_uncomp.avi,person05_empty_d4_s2_walking_flip.avi,5,349,407,empty,T
person05_walking_d4,person05_walking_d4_uncomp.avi,person05_walking_d4_s3_walking_original.avi,6,408,515,walking,F
person05_walking_d4,person05_walking_d4_uncomp.avi,person05_walking_d4_s3_walking_flip.avi,6,408,515,walking,T
person06_boxing_d1,person06_boxing_d1_uncomp.avi,person06_boxing_d1_s0_boxing_original.avi,0,1,102,boxing,F
person06_boxing_d1,person06_boxing_d1_uncomp.avi,person06_boxing_d1_s0_boxing_flip.avi,0,1,102,boxing,T
person06_boxing_d1,person06_boxing_d1_uncomp.avi,person06_boxing_d1_s1_boxing_original.avi,1,103,220,boxing,F
person06_boxing_d1,person06_boxing_d1_uncomp.avi,person06_boxing_d1_s1_boxing_flip.avi,1,103,220,boxing,T
person06_boxing_d1,person06_boxing_d1_uncomp.avi,person06_boxing_d1_s2_boxing_original.avi,2,221,302,boxing,F
person06_boxing_d1,person06_boxing_d1_uncomp.avi,person06_boxing_d1_s2_boxing_flip.avi,2,221,302,boxing,T
person06_boxing_d1,person06_boxing_d1_uncomp.avi,person06_boxing_d1_s3_boxing_original.avi,3,303,412,boxing,F
person06_boxing_d1,person06_boxing_d1_uncomp.avi,person06_boxing_d1_s3_boxing_flip.avi,3,303,412,boxing,T
person06_boxing_d2,person06_boxing_d2_uncomp.avi,person06_boxing_d2_s0_boxing_original.avi,0,1,86,boxing,F
person06_boxing_d2,person06_boxing_d2_uncomp.avi,person06_boxing_d2_s0_boxing_flip.avi,0,1,86,boxing,T
person06_boxing_d2,person06_boxing_d2_uncomp.avi,person06_boxing_d2_s1_boxing_original.avi,1,87,160,boxing,F
person06_boxing_d2,person06_boxing_d2_uncomp.avi,person06_boxing_d2_s1_boxing_flip.avi,1,87,160,boxing,T
person06_boxing_d2,person06_boxing_d2_uncomp.avi,person06_boxing_d2_s2_boxing_original.avi,2,161,296,boxing,F
person06_boxing_d2,person06_boxing_d2_uncomp.avi,person06_boxing_d2_s2_boxing_flip.avi,2,161,296,boxing,T
person06_boxing_d2,person06_boxing_d2_uncomp.avi,person06_boxing_d2_s3_boxing_original.avi,3,297,408,boxing,F
person06_boxing_d2,person06_boxing_d2_uncomp.avi,person06_boxing_d2_s3_boxing_flip.avi,3,297,408,boxing,T
person06_boxing_d3,person06_boxing_d3_uncomp.avi,person06_boxing_d3_s0_boxing_original.avi,0,1,112,boxing,F
person06_boxing_d3,person06_boxing_d3_uncomp.avi,person06_boxing_d3_s0_boxing_flip.avi,0,1,112,boxing,T
person06_boxing_d3,person06_boxing_d3_uncomp.avi,person06_boxing_d3_s1_boxing_original.avi,1,113,206,boxing,F
person06_boxing_d3,person06_boxing_d3_uncomp.avi,person06_boxing_d3_s1_boxing_flip.avi,1,113,206,boxing,T
person06_boxing_d3,person06_boxing_d3_uncomp.avi,person06_boxing_d3_s2_boxing_original.avi,2,207,304,boxing,F
person06_boxing_d3,person06_boxing_d3_uncomp.avi,person06_boxing_d3_s2_boxing_flip.avi,2,207,304,boxing,T
person06_boxing_d3,person06_boxing_d3_uncomp.avi,person06_boxing_d3_s3_boxing_original.avi,3,305,392,boxing,F
person06_boxing_d3,person06_boxing_d3_uncomp.avi,person06_boxing_d3_s3_boxing_flip.avi,3,305,392,boxing,T
person06_boxing_d4,person06_boxing_d4_uncomp.avi,person06_boxing_d4_s0_boxing_original.avi,0,1,96,boxing,F
person06_boxing_d4,person06_boxing_d4_uncomp.avi,person06_boxing_d4_s0_boxing_flip.avi,0,1,96,boxing,T
person06_boxing_d4,person06_boxing_d4_uncomp.avi,person06_boxing_d4_s1_boxing_original.avi,1,97,195,boxing,F
person06_boxing_d4,person06_boxing_d4_uncomp.avi,person06_boxing_d4_s1_boxing_flip.avi,1,97,195,boxing,T
person06_boxing_d4,person06_boxing_d4_uncomp.avi,person06_boxing_d4_s2_boxing_original.avi,2,196,288,boxing,F
person06_boxing_d4,person06_boxing_d4_uncomp.avi,person06_boxing_d4_s2_boxing_flip.avi,2,196,288,boxing,T
person06_boxing_d4,person06_boxing_d4_uncomp.avi,person06_boxing_d4_s3_boxing_original.avi,3,289,392,boxing,F
person06_boxing_d4,person06_boxing_d4_uncomp.avi,person06_boxing_d4_s3_boxing_flip.avi,3,289,392,boxing,T
person06_handclapping_d1,person06_handclapping_d1_uncomp.avi,person06_handclapping_d1_s0_handclapping_original.avi,0,1,108,handclapping,F
person06_handclapping_d1,person06_handclapping_d1_uncomp.avi,person06_handclapping_d1_s0_handclapping_flip.avi,0,1,108,handclapping,T
person06_handclapping_d1,person06_handclapping_d1_uncomp.avi,person06_handclapping_d1_s1_handclapping_original.avi,1,109,222,handclapping,F
person06_handclapping_d1,person06_handclapping_d1_uncomp.avi,person06_handclapping_d1_s1_handclapping_flip.avi,1,109,222,handclapping,T
person06_handclapping_d1,person06_handclapping_d1_uncomp.avi,person06_handclapping_d1_s2_handclapping_original.avi,2,223,308,handclapping,F
person06_handclapping_d1,person06_handclapping_d1_uncomp.avi,person06_handclapping_d1_s2_handclapping_flip.avi,2,223,308,handclapping,T
person06_handclapping_d1,person06_handclapping_d1_uncomp.avi,person06_handclapping_d1_s3_handclapping_original.avi,3,309,416,handclapping,F
person06_handclapping_d1,person06_handclapping_d1_uncomp.avi,person06_handclapping_d1_s3_handclapping_flip.avi,3,309,416,handclapping,T
person06_handclapping_d2,person06_handclapping_d2_uncomp.avi,person06_handclapping_d2_s0_handclapping_original.avi,0,1,95,handclapping,F
person06_handclapping_d2,person06_handclapping_d2_uncomp.avi,person06_handclapping_d2_s0_handclapping_flip.avi,0,1,95,handclapping,T
person06_handclapping_d2,person06_handclapping_d2_uncomp.avi,person06_handclapping_d2_s1_handclapping_original.avi,1,96,208,handclapping,F
person06_handclapping_d2,person06_handclapping_d2_uncomp.avi,person06_handclapping_d2_s1_handclapping_flip.avi,1,96,208,handclapping,T
person06_handclapping_d2,person06_handclapping_d2_uncomp.avi,person06_empty_d2_s0_handclapping_original.avi,2,209,275,empty,F
person06_handclapping_d2,person06_handclapping_d2_uncomp.avi,person06_empty_d2_s0_handclapping_flip.avi,2,209,275,empty,T
person06_handclapping_d2,person06_handclapping_d2_uncomp.avi,person06_handclapping_d2_s2_handclapping_original.avi,3,276,345,handclapping,F
person06_handclapping_d2,person06_handclapping_d2_uncomp.avi,person06_handclapping_d2_s2_handclapping_flip.avi,3,276,345,handclapping,T
person06_handclapping_d2,person06_handclapping_d2_uncomp.avi,person06_empty_d2_s1_handclapping_original.avi,4,346,354,empty,F
person06_handclapping_d2,person06_handclapping_d2_uncomp.avi,person06_empty_d2_s1_handclapping_flip.avi,4,346,354,empty,T
person06_handclapping_d2,person06_handclapping_d2_uncomp.avi,person06_handclapping_d2_s3_handclapping_original.avi,5,355,462,handclapping,F
person06_handclapping_d2,person06_handclapping_d2_uncomp.avi,person06_handclapping_d2_s3_handclapping_flip.avi,5,355,462,handclapping,T
person06_handclapping_d3,person06_handclapping_d3_uncomp.avi,person06_handclapping_d3_s0_handclapping_original.avi,0,1,100,handclapping,F
person06_handclapping_d3,person06_handclapping_d3_uncomp.avi,person06_handclapping_d3_s0_handclapping_flip.avi,0,1,100,handclapping,T
person06_handclapping_d3,person06_handclapping_d3_uncomp.avi,person06_handclapping_d3_s1_handclapping_original.avi,1,101,190,handclapping,F
person06_handclapping_d3,person06_handclapping_d3_uncomp.avi,person06_handclapping_d3_s1_handclapping_flip.avi,1,101,190,handclapping,T
person06_handclapping_d3,person06_handclapping_d3_uncomp.avi,person06_handclapping_d3_s2_handclapping_original.avi,2,191,260,handclapping,F
person06_handclapping_d3,person06_handclapping_d3_uncomp.avi,person06_handclapping_d3_s2_handclapping_flip.avi,2,191,260,handclapping,T
person06_handclapping_d3,person06_handclapping_d3_uncomp.avi,person06_handclapping_d3_s3_handclapping_original.avi,3,261,378,handclapping,F
person06_handclapping_d3,person06_handclapping_d3_uncomp.avi,person06_handclapping_d3_s3_handclapping_flip.avi,3,261,378,handclapping,T
person06_handclapping_d4,person06_handclapping_d4_uncomp.avi,person06_handclapping_d4_s0_handclapping_original.avi,0,1,88,handclapping,F
person06_handclapping_d4,person06_handclapping_d4_uncomp.avi,person06_handclapping_d4_s0_handclapping_flip.avi,0,1,88,handclapping,T
person06_handclapping_d4,person06_handclapping_d4_uncomp.avi,person06_handclapping_d4_s1_handclapping_original.avi,1,89,196,handclapping,F
person06_handclapping_d4,person06_handclapping_d4_uncomp.avi,person06_handclapping_d4_s1_handclapping_flip.avi,1,89,196,handclapping,T
person06_handclapping_d4,person06_handclapping_d4_uncomp.avi,person06_handclapping_d4_s2_handclapping_original.avi,2,197,282,handclapping,F
person06_handclapping_d4,person06_handclapping_d4_uncomp.avi,person06_handclapping_d4_s2_handclapping_flip.avi,2,197,282,handclapping,T
person06_handclapping_d4,person06_handclapping_d4_uncomp.avi,person06_handclapping_d4_s3_handclapping_original.avi,3,283,372,handclapping,F
person06_handclapping_d4,person06_handclapping_d4_uncomp.avi,person06_handclapping_d4_s3_handclapping_flip.avi,3,283,372,handclapping,T
person06_handwaving_d1,person06_handwaving_d1_uncomp.avi,person06_handwaving_d1_s0_handwaving_original.avi,0,1,110,handwaving,F
person06_handwaving_d1,person06_handwaving_d1_uncomp.avi,person06_handwaving_d1_s0_handwaving_flip.avi,0,1,110,handwaving,T
person06_handwaving_d1,person06_handwaving_d1_uncomp.avi,person06_handwaving_d1_s1_handwaving_original.avi,1,111,264,handwaving,F
person06_handwaving_d1,person06_handwaving_d1_uncomp.avi,person06_handwaving_d1_s1_handwaving_flip.avi,1,111,264,handwaving,T
person06_handwaving_d1,person06_handwaving_d1_uncomp.avi,person06_handwaving_d1_s2_handwaving_original.avi,2,265,382,handwaving,F
person06_handwaving_d1,person06_handwaving_d1_uncomp.avi,person06_handwaving_d1_s2_handwaving_flip.avi,2,265,382,handwaving,T
person06_handwaving_d1,person06_handwaving_d1_uncomp.avi,person06_handwaving_d1_s3_handwaving_original.avi,3,383,460,handwaving,F
person06_handwaving_d1,person06_handwaving_d1_uncomp.avi,person06_handwaving_d1_s3_handwaving_flip.avi,3,383,460,handwaving,T
person06_handwaving_d2,person06_handwaving_d2_uncomp.avi,person06_handwaving_d2_s0_handwaving_original.avi,0,1,140,handwaving,F
person06_handwaving_d2,person06_handwaving_d2_uncomp.avi,person06_handwaving_d2_s0_handwaving_flip.avi,0,1,140,handwaving,T
person06_handwaving_d2,person06_handwaving_d2_uncomp.avi,person06_handwaving_d2_s1_handwaving_original.avi,1,141,238,handwaving,F
person06_handwaving_d2,person06_handwaving_d2_uncomp.avi,person06_handwaving_d2_s1_handwaving_flip.avi,1,141,238,handwaving,T
person06_handwaving_d2,person06_handwaving_d2_uncomp.avi,person06_handwaving_d2_s2_handwaving_original.avi,2,239,372,handwaving,F
person06_handwaving_d2,person06_handwaving_d2_uncomp.avi,person06_handwaving_d2_s2_handwaving_flip.avi,2,239,372,handwaving,T
person06_handwaving_d2,person06_handwaving_d2_uncomp.avi,person06_handwaving_d2_s3_handwaving_original.avi,3,373,478,handwaving,F
person06_handwaving_d2,person06_handwaving_d2_uncomp.avi,person06_handwaving_d2_s3_handwaving_flip.avi,3,373,478,handwaving,T
person06_handwaving_d3,person06_handwaving_d3_uncomp.avi,person06_handwaving_d3_s0_handwaving_original.avi,0,1,108,handwaving,F
person06_handwaving_d3,person06_handwaving_d3_uncomp.avi,person06_handwaving_d3_s0_handwaving_flip.avi,0,1,108,handwaving,T
person06_handwaving_d3,person06_handwaving_d3_uncomp.avi,person06_handwaving_d3_s1_handwaving_original.avi,1,109,214,handwaving,F
person06_handwaving_d3,person06_handwaving_d3_uncomp.avi,person06_handwaving_d3_s1_handwaving_flip.avi,1,109,214,handwaving,T
person06_handwaving_d3,person06_handwaving_d3_uncomp.avi,person06_handwaving_d3_s2_handwaving_original.avi,2,215,358,handwaving,F
person06_handwaving_d3,person06_handwaving_d3_uncomp.avi,person06_handwaving_d3_s2_handwaving_flip.avi,2,215,358,handwaving,T
person06_handwaving_d3,person06_handwaving_d3_uncomp.avi,person06_handwaving_d3_s3_handwaving_original.avi,3,359,432,handwaving,F
person06_handwaving_d3,person06_handwaving_d3_uncomp.avi,person06_handwaving_d3_s3_handwaving_flip.avi,3,359,432,handwaving,T
person06_handwaving_d4,person06_handwaving_d4_uncomp.avi,person06_handwaving_d4_s0_handwaving_original.avi,0,1,112,handwaving,F
person06_handwaving_d4,person06_handwaving_d4_uncomp.avi,person06_handwaving_d4_s0_handwaving_flip.avi,0,1,112,handwaving,T
person06_handwaving_d4,person06_handwaving_d4_uncomp.avi,person06_handwaving_d4_s1_handwaving_original.avi,1,113,256,handwaving,F
person06_handwaving_d4,person06_handwaving_d4_uncomp.avi,person06_handwaving_d4_s1_handwaving_flip.avi,1,113,256,handwaving,T
person06_handwaving_d4,person06_handwaving_d4_uncomp.avi,person06_handwaving_d4_s2_handwaving_original.avi,2,257,359,handwaving,F
person06_handwaving_d4,person06_handwaving_d4_uncomp.avi,person06_handwaving_d4_s2_handwaving_flip.avi,2,257,359,handwaving,T
person06_handwaving_d4,person06_handwaving_d4_uncomp.avi,person06_handwaving_d4_s3_handwaving_original.avi,3,360,430,handwaving,F
person06_handwaving_d4,person06_handwaving_d4_uncomp.avi,person06_handwaving_d4_s3_handwaving_flip.avi,3,360,430,handwaving,T
person06_jogging_d1,person06_jogging_d1_uncomp.avi,person06_jogging_d1_s0_jogging_original.avi,0,1,50,jogging,F
person06_jogging_d1,person06_jogging_d1_uncomp.avi,person06_jogging_d1_s0_jogging_flip.avi,0,1,50,jogging,T
person06_jogging_d1,person06_jogging_d1_uncomp.avi,person06_empty_d1_s0_jogging_original.avi,1,51,77,empty,F
person06_jogging_d1,person06_jogging_d1_uncomp.avi,person06_empty_d1_s0_jogging_flip.avi,1,51,77,empty,T
person06_jogging_d1,person06_jogging_d1_uncomp.avi,person06_jogging_d1_s1_jogging_original.avi,2,78,128,jogging,F
person06_jogging_d1,person06_jogging_d1_uncomp.avi,person06_jogging_d1_s1_jogging_flip.avi,2,78,128,jogging,T
person06_jogging_d1,person06_jogging_d1_uncomp.avi,person06_empty_d1_s1_jogging_original.avi,3,129,185,empty,F
person06_jogging_d1,person06_jogging_d1_uncomp.avi,person06_empty_d1_s1_jogging_flip.avi,3,129,185,empty,T
person06_jogging_d1,person06_jogging_d1_uncomp.avi,person06_jogging_d1_s2_jogging_original.avi,4,186,242,jogging,F
person06_jogging_d1,person06_jogging_d1_uncomp.avi,person06_jogging_d1_s2_jogging_flip.avi,4,186,242,jogging,T
person06_jogging_d1,person06_jogging_d1_uncomp.avi,person06_jogging_d1_s3_jogging_original.avi,5,243,305,jogging,F
person06_jogging_d1,person06_jogging_d1_uncomp.avi,person06_jogging_d1_s3_jogging_flip.avi,5,243,305,jogging,T
person06_jogging_d2,person06_jogging_d2_uncomp.avi,person06_jogging_d2_s0_jogging_original.avi,0,1,80,jogging,F
person06_jogging_d2,person06_jogging_d2_uncomp.avi,person06_jogging_d2_s0_jogging_flip.avi,0,1,80,jogging,T
person06_jogging_d2,person06_jogging_d2_uncomp.avi,person06_empty_d2_s0_jogging_original.avi,1,81,111,empty,F
person06_jogging_d2,person06_jogging_d2_uncomp.avi,person06_empty_d2_s0_jogging_flip.avi,1,81,111,empty,T
person06_jogging_d2,person06_jogging_d2_uncomp.avi,person06_jogging_d2_s1_jogging_original.avi,2,112,194,jogging,F
person06_jogging_d2,person06_jogging_d2_uncomp.avi,person06_jogging_d2_s1_jogging_flip.avi,2,112,194,jogging,T
person06_jogging_d2,person06_jogging_d2_uncomp.avi,person06_empty_d2_s1_jogging_original.avi,3,195,291,empty,F
person06_jogging_d2,person06_jogging_d2_uncomp.avi,person06_empty_d2_s1_jogging_flip.avi,3,195,291,empty,T
person06_jogging_d2,person06_jogging_d2_uncomp.avi,person06_jogging_d2_s2_jogging_original.avi,4,292,378,jogging,F
person06_jogging_d2,person06_jogging_d2_uncomp.avi,person06_jogging_d2_s2_jogging_flip.avi,4,292,378,jogging,T
person06_jogging_d2,person06_jogging_d2_uncomp.avi,person06_empty_d2_s2_jogging_original.avi,5,379,411,empty,F
person06_jogging_d2,person06_jogging_d2_uncomp.avi,person06_empty_d2_s2_jogging_flip.avi,5,379,411,empty,T
person06_jogging_d2,person06_jogging_d2_uncomp.avi,person06_jogging_d2_s3_jogging_original.avi,6,412,498,jogging,F
person06_jogging_d2,person06_jogging_d2_uncomp.avi,person06_jogging_d2_s3_jogging_flip.avi,6,412,498,jogging,T
person06_jogging_d3,person06_jogging_d3_uncomp.avi,person06_jogging_d3_s0_jogging_original.avi,0,1,52,jogging,F
person06_jogging_d3,person06_jogging_d3_uncomp.avi,person06_jogging_d3_s0_jogging_flip.avi,0,1,52,jogging,T
person06_jogging_d3,person06_jogging_d3_uncomp.avi,person06_empty_d3_s0_jogging_original.avi,1,53,87,empty,F
person06_jogging_d3,person06_jogging_d3_uncomp.avi,person06_empty_d3_s0_jogging_flip.avi,1,53,87,empty,T
person06_jogging_d3,person06_jogging_d3_uncomp.avi,person06_jogging_d3_s1_jogging_original.avi,2,88,140,jogging,F
person06_jogging_d3,person06_jogging_d3_uncomp.avi,person06_jogging_d3_s1_jogging_flip.avi,2,88,140,jogging,T
person06_jogging_d3,person06_jogging_d3_uncomp.avi,person06_empty_d3_s1_jogging_original.avi,3,141,175,empty,F
person06_jogging_d3,person06_jogging_d3_uncomp.avi,person06_empty_d3_s1_jogging_flip.avi,3,141,175,empty,T
person06_jogging_d3,person06_jogging_d3_uncomp.avi,person06_jogging_d3_s2_jogging_original.avi,4,176,230,jogging,F
person06_jogging_d3,person06_jogging_d3_uncomp.avi,person06_jogging_d3_s2_jogging_flip.avi,4,176,230,jogging,T
person06_jogging_d3,person06_jogging_d3_uncomp.avi,person06_empty_d3_s2_jogging_original.avi,5,231,249,empty,F
person06_jogging_d3,person06_jogging_d3_uncomp.avi,person06_empty_d3_s2_jogging_flip.avi,5,231,249,empty,T
person06_jogging_d3,person06_jogging_d3_uncomp.avi,person06_jogging_d3_s3_jogging_original.avi,6,250,304,jogging,F
person06_jogging_d3,person06_jogging_d3_uncomp.avi,person06_jogging_d3_s3_jogging_flip.avi,6,250,304,jogging,T
person06_jogging_d4,person06_jogging_d4_uncomp.avi,person06_jogging_d4_s0_jogging_original.avi,0,1,75,jogging,F
person06_jogging_d4,person06_jogging_d4_uncomp.avi,person06_jogging_d4_s0_jogging_flip.avi,0,1,75,jogging,T
person06_jogging_d4,person06_jogging_d4_uncomp.avi,person06_empty_d4_s0_jogging_original.avi,1,76,101,empty,F
person06_jogging_d4,person06_jogging_d4_uncomp.avi,person06_empty_d4_s0_jogging_flip.avi,1,76,101,empty,T
person06_jogging_d4,person06_jogging_d4_uncomp.avi,person06_jogging_d4_s1_jogging_original.avi,2,102,168,jogging,F
person06_jogging_d4,person06_jogging_d4_uncomp.avi,person06_jogging_d4_s1_jogging_flip.avi,2,102,168,jogging,T
person06_jogging_d4,person06_jogging_d4_uncomp.avi,person06_empty_d4_s1_jogging_original.avi,3,169,175,empty,F
person06_jogging_d4,person06_jogging_d4_uncomp.avi,person06_empty_d4_s1_jogging_flip.avi,3,169,175,empty,T
person06_jogging_d4,person06_jogging_d4_uncomp.avi,person06_jogging_d4_s2_jogging_original.avi,4,176,238,jogging,F
person06_jogging_d4,person06_jogging_d4_uncomp.avi,person06_jogging_d4_s2_jogging_flip.avi,4,176,238,jogging,T
person06_jogging_d4,person06_jogging_d4_uncomp.avi,person06_empty_d4_s2_jogging_original.avi,5,239,271,empty,F
person06_jogging_d4,person06_jogging_d4_uncomp.avi,person06_empty_d4_s2_jogging_flip.avi,5,239,271,empty,T
person06_jogging_d4,person06_jogging_d4_uncomp.avi,person06_jogging_d4_s3_jogging_original.avi,6,272,340,jogging,F
person06_jogging_d4,person06_jogging_d4_uncomp.avi,person06_jogging_d4_s3_jogging_flip.avi,6,272,340,jogging,T
person06_running_d1,person06_running_d1_uncomp.avi,person06_running_d1_s0_running_original.avi,0,1,35,running,F
person06_running_d1,person06_running_d1_uncomp.avi,person06_running_d1_s0_running_flip.avi,0,1,35,running,T
person06_running_d1,person06_running_d1_uncomp.avi,person06_empty_d1_s0_running_original.avi,1,36,74,empty,F
person06_running_d1,person06_running_d1_uncomp.avi,person06_empty_d1_s0_running_flip.avi,1,36,74,empty,T
person06_running_d1,person06_running_d1_uncomp.avi,person06_running_d1_s1_running_original.avi,2,75,115,running,F
person06_running_d1,person06_running_d1_uncomp.avi,person06_running_d1_s1_running_flip.avi,2,75,115,running,T
person06_running_d1,person06_running_d1_uncomp.avi,person06_empty_d1_s1_running_original.avi,3,116,163,empty,F
person06_running_d1,person06_running_d1_uncomp.avi,person06_empty_d1_s1_running_flip.avi,3,116,163,empty,T
person06_running_d1,person06_running_d1_uncomp.avi,person06_running_d1_s2_running_original.avi,4,164,205,running,F
person06_running_d1,person06_running_d1_uncomp.avi,person06_running_d1_s2_running_flip.avi,4,164,205,running,T
person06_running_d1,person06_running_d1_uncomp.avi,person06_empty_d1_s2_running_original.avi,5,206,241,empty,F
person06_running_d1,person06_running_d1_uncomp.avi,person06_empty_d1_s2_running_flip.avi,5,206,241,empty,T
person06_running_d1,person06_running_d1_uncomp.avi,person06_running_d1_s3_running_original.avi,6,242,285,running,F
person06_running_d1,person06_running_d1_uncomp.avi,person06_running_d1_s3_running_flip.avi,6,242,285,running,T
person06_running_d2,person06_running_d2_uncomp.avi,person06_running_d2_s0_running_original.avi,0,1,52,running,F
person06_running_d2,person06_running_d2_uncomp.avi,person06_running_d2_s0_running_flip.avi,0,1,52,running,T
person06_running_d2,person06_running_d2_uncomp.avi,person06_empty_d2_s0_running_original.avi,1,53,83,empty,F
person06_running_d2,person06_running_d2_uncomp.avi,person06_empty_d2_s0_running_flip.avi,1,53,83,empty,T
person06_running_d2,person06_running_d2_uncomp.avi,person06_running_d2_s1_running_original.avi,2,84,150,running,F
person06_running_d2,person06_running_d2_uncomp.avi,person06_running_d2_s1_running_flip.avi,2,84,150,running,T
person06_running_d2,person06_running_d2_uncomp.avi,person06_empty_d2_s1_running_original.avi,3,151,221,empty,F
person06_running_d2,person06_running_d2_uncomp.avi,person06_empty_d2_s1_running_flip.avi,3,151,221,empty,T
person06_running_d2,person06_running_d2_uncomp.avi,person06_running_d2_s2_running_original.avi,4,222,286,running,F
person06_running_d2,person06_running_d2_uncomp.avi,person06_running_d2_s2_running_flip.avi,4,222,286,running,T
person06_running_d2,person06_running_d2_uncomp.avi,person06_empty_d2_s2_running_original.avi,5,287,317,empty,F
person06_running_d2,person06_running_d2_uncomp.avi,person06_empty_d2_s2_running_flip.avi,5,287,317,empty,T
person06_running_d2,person06_running_d2_uncomp.avi,person06_running_d2_s3_running_original.avi,6,318,385,running,F
person06_running_d2,person06_running_d2_uncomp.avi,person06_running_d2_s3_running_flip.avi,6,318,385,running,T
person06_running_d3,person06_running_d3_uncomp.avi,person06_running_d3_s0_running_original.avi,0,1,35,running,F
person06_running_d3,person06_running_d3_uncomp.avi,person06_running_d3_s0_running_flip.avi,0,1,35,running,T
person06_running_d3,person06_running_d3_uncomp.avi,person06_empty_d3_s0_running_original.avi,1,36,68,empty,F
person06_running_d3,person06_running_d3_uncomp.avi,person06_empty_d3_s0_running_flip.avi,1,36,68,empty,T
person06_running_d3,person06_running_d3_uncomp.avi,person06_running_d3_s1_running_original.avi,2,69,105,running,F
person06_running_d3,person06_running_d3_uncomp.avi,person06_running_d3_s1_running_flip.avi,2,69,105,running,T
person06_running_d3,person06_running_d3_uncomp.avi,person06_empty_d3_s1_running_original.avi,3,106,149,empty,F
person06_running_d3,person06_running_d3_uncomp.avi,person06_empty_d3_s1_running_flip.avi,3,106,149,empty,T
person06_running_d3,person06_running_d3_uncomp.avi,person06_running_d3_s2_running_original.avi,4,150,188,running,F
person06_running_d3,person06_running_d3_uncomp.avi,person06_running_d3_s2_running_flip.avi,4,150,188,running,T
person06_running_d3,person06_running_d3_uncomp.avi,person06_empty_d3_s2_running_original.avi,5,189,223,empty,F
person06_running_d3,person06_running_d3_uncomp.avi,person06_empty_d3_s2_running_flip.avi,5,189,223,empty,T
person06_running_d3,person06_running_d3_uncomp.avi,person06_running_d3_s3_running_original.avi,6,224,266,running,F
person06_running_d3,person06_running_d3_uncomp.avi,person06_running_d3_s3_running_flip.avi,6,224,266,running,T
person06_running_d4,person06_running_d4_uncomp.avi,person06_running_d4_s0_running_original.avi,0,1,48,running,F
person06_running_d4,person06_running_d4_uncomp.avi,person06_running_d4_s0_running_flip.avi,0,1,48,running,T
person06_running_d4,person06_running_d4_uncomp.avi,person06_empty_d4_s0_running_original.avi,1,49,71,empty,F
person06_running_d4,person06_running_d4_uncomp.avi,person06_empty_d4_s0_running_flip.avi,1,49,71,empty,T
person06_running_d4,person06_running_d4_uncomp.avi,person06_running_d4_s1_running_original.avi,2,72,118,running,F
person06_running_d4,person06_running_d4_uncomp.avi,person06_running_d4_s1_running_flip.avi,2,72,118,running,T
person06_running_d4,person06_running_d4_uncomp.avi,person06_empty_d4_s1_running_original.avi,3,119,309,empty,F
person06_running_d4,person06_running_d4_uncomp.avi,person06_empty_d4_s1_running_flip.avi,3,119,309,empty,T
person06_running_d4,person06_running_d4_uncomp.avi,person06_running_d4_s2_running_original.avi,4,310,360,running,F
person06_running_d4,person06_running_d4_uncomp.avi,person06_running_d4_s2_running_flip.avi,4,310,360,running,T
person06_running_d4,person06_running_d4_uncomp.avi,person06_empty_d4_s2_running_original.avi,5,361,391,empty,F
person06_running_d4,person06_running_d4_uncomp.avi,person06_empty_d4_s2_running_flip.avi,5,361,391,empty,T
person06_running_d4,person06_running_d4_uncomp.avi,person06_running_d4_s3_running_original.avi,6,392,442,running,F
person06_running_d4,person06_running_d4_uncomp.avi,person06_running_d4_s3_running_flip.avi,6,392,442,running,T
person06_walking_d1,person06_walking_d1_uncomp.avi,person06_walking_d1_s0_walking_original.avi,0,1,72,walking,F
person06_walking_d1,person06_walking_d1_uncomp.avi,person06_walking_d1_s0_walking_flip.avi,0,1,72,walking,T
person06_walking_d1,person06_walking_d1_uncomp.avi,person06_empty_d1_s0_walking_original.avi,1,73,125,empty,F
person06_walking_d1,person06_walking_d1_uncomp.avi,person06_empty_d1_s0_walking_flip.avi,1,73,125,empty,T
person06_walking_d1,person06_walking_d1_uncomp.avi,person06_walking_d1_s1_walking_original.avi,2,126,192,walking,F
person06_walking_d1,person06_walking_d1_uncomp.avi,person06_walking_d1_s1_walking_flip.avi,2,126,192,walking,T
person06_walking_d1,person06_walking_d1_uncomp.avi,person06_empty_d1_s1_walking_original.avi,3,193,239,empty,F
person06_walking_d1,person06_walking_d1_uncomp.avi,person06_empty_d1_s1_walking_flip.avi,3,193,239,empty,T
person06_walking_d1,person06_walking_d1_uncomp.avi,person06_walking_d1_s2_walking_original.avi,4,240,308,walking,F
person06_walking_d1,person06_walking_d1_uncomp.avi,person06_walking_d1_s2_walking_flip.avi,4,240,308,walking,T
person06_walking_d1,person06_walking_d1_uncomp.avi,person06_empty_d1_s2_walking_original.avi,5,309,349,empty,F
person06_walking_d1,person06_walking_d1_uncomp.avi,person06_empty_d1_s2_walking_flip.avi,5,309,349,empty,T
person06_walking_d1,person06_walking_d1_uncomp.avi,person06_walking_d1_s3_walking_original.avi,6,350,420,walking,F
person06_walking_d1,person06_walking_d1_uncomp.avi,person06_walking_d1_s3_walking_flip.avi,6,350,420,walking,T
person06_walking_d2,person06_walking_d2_uncomp.avi,person06_walking_d2_s0_walking_original.avi,0,1,180,walking,F
person06_walking_d2,person06_walking_d2_uncomp.avi,person06_walking_d2_s0_walking_flip.avi,0,1,180,walking,T
person06_walking_d2,person06_walking_d2_uncomp.avi,person06_empty_d2_s0_walking_original.avi,1,181,242,empty,F
person06_walking_d2,person06_walking_d2_uncomp.avi,person06_empty_d2_s0_walking_flip.avi,1,181,242,empty,T
person06_walking_d2,person06_walking_d2_uncomp.avi,person06_walking_d2_s1_walking_original.avi,2,243,390,walking,F
person06_walking_d2,person06_walking_d2_uncomp.avi,person06_walking_d2_s1_walking_flip.avi,2,243,390,walking,T
person06_walking_d2,person06_walking_d2_uncomp.avi,person06_empty_d2_s1_walking_original.avi,3,391,527,empty,F
person06_walking_d2,person06_walking_d2_uncomp.avi,person06_empty_d2_s1_walking_flip.avi,3,391,527,empty,T
person06_walking_d2,person06_walking_d2_uncomp.avi,person06_walking_d2_s2_walking_original.avi,4,528,668,walking,F
person06_walking_d2,person06_walking_d2_uncomp.avi,person06_walking_d2_s2_walking_flip.avi,4,528,668,walking,T
person06_walking_d2,person06_walking_d2_uncomp.avi,person06_empty_d2_s2_walking_original.avi,5,669,731,empty,F
person06_walking_d2,person06_walking_d2_uncomp.avi,person06_empty_d2_s2_walking_flip.avi,5,669,731,empty,T
person06_walking_d2,person06_walking_d2_uncomp.avi,person06_walking_d2_s3_walking_original.avi,6,732,868,walking,F
person06_walking_d2,person06_walking_d2_uncomp.avi,person06_walking_d2_s3_walking_flip.avi,6,732,868,walking,T
person06_walking_d3,person06_walking_d3_uncomp.avi,person06_walking_d3_s0_walking_original.avi,0,1,68,walking,F
person06_walking_d3,person06_walking_d3_uncomp.avi,person06_walking_d3_s0_walking_flip.avi,0,1,68,walking,T
person06_walking_d3,person06_walking_d3_uncomp.avi,person06_empty_d3_s0_walking_original.avi,1,69,101,empty,F
person06_walking_d3,person06_walking_d3_uncomp.avi,person06_empty_d3_s0_walking_flip.avi,1,69,101,empty,T
person06_walking_d3,person06_walking_d3_uncomp.avi,person06_walking_d3_s1_walking_original.avi,2,102,166,walking,F
person06_walking_d3,person06_walking_d3_uncomp.avi,person06_walking_d3_s1_walking_flip.avi,2,102,166,walking,T
person06_walking_d3,person06_walking_d3_uncomp.avi,person06_empty_d3_s1_walking_original.avi,3,167,237,empty,F
person06_walking_d3,person06_walking_d3_uncomp.avi,person06_empty_d3_s1_walking_flip.avi,3,167,237,empty,T
person06_walking_d3,person06_walking_d3_uncomp.avi,person06_walking_d3_s2_walking_original.avi,4,238,306,walking,F
person06_walking_d3,person06_walking_d3_uncomp.avi,person06_walking_d3_s2_walking_flip.avi,4,238,306,walking,T
person06_walking_d3,person06_walking_d3_uncomp.avi,person06_empty_d3_s2_walking_original.avi,5,307,339,empty,F
person06_walking_d3,person06_walking_d3_uncomp.avi,person06_empty_d3_s2_walking_flip.avi,5,307,339,empty,T
person06_walking_d3,person06_walking_d3_uncomp.avi,person06_walking_d3_s3_walking_original.avi,6,340,408,walking,F
person06_walking_d3,person06_walking_d3_uncomp.avi,person06_walking_d3_s3_walking_flip.avi,6,340,408,walking,T
person06_walking_d4,person06_walking_d4_uncomp.avi,person06_walking_d4_s0_walking_original.avi,0,1,100,walking,F
person06_walking_d4,person06_walking_d4_uncomp.avi,person06_walking_d4_s0_walking_flip.avi,0,1,100,walking,T
person06_walking_d4,person06_walking_d4_uncomp.avi,person06_empty_d4_s0_walking_original.avi,1,101,131,empty,F
person06_walking_d4,person06_walking_d4_uncomp.avi,person06_empty_d4_s0_walking_flip.avi,1,101,131,empty,T
person06_walking_d4,person06_walking_d4_uncomp.avi,person06_walking_d4_s1_walking_original.avi,2,132,230,walking,F
person06_walking_d4,person06_walking_d4_uncomp.avi,person06_walking_d4_s1_walking_flip.avi,2,132,230,walking,T
person06_walking_d4,person06_walking_d4_uncomp.avi,person06_empty_d4_s1_walking_original.avi,3,231,239,empty,F
person06_walking_d4,person06_walking_d4_uncomp.avi,person06_empty_d4_s1_walking_flip.avi,3,231,239,empty,T
person06_walking_d4,person06_walking_d4_uncomp.avi,person06_walking_d4_s2_walking_original.avi,4,240,332,walking,F
person06_walking_d4,person06_walking_d4_uncomp.avi,person06_walking_d4_s2_walking_flip.avi,4,240,332,walking,T
person06_walking_d4,person06_walking_d4_uncomp.avi,person06_empty_d4_s2_walking_original.avi,5,333,381,empty,F
person06_walking_d4,person06_walking_d4_uncomp.avi,person06_empty_d4_s2_walking_flip.avi,5,333,381,empty,T
person06_walking_d4,person06_walking_d4_uncomp.avi,person06_walking_d4_s3_walking_original.avi,6,382,478,walking,F
person06_walking_d4,person06_walking_d4_uncomp.avi,person06_walking_d4_s3_walking_flip.avi,6,382,478,walking,T
person07_boxing_d1,person07_boxing_d1_uncomp.avi,person07_boxing_d1_s0_boxing_original.avi,0,1,108,boxing,F
person07_boxing_d1,person07_boxing_d1_uncomp.avi,person07_boxing_d1_s0_boxing_flip.avi,0,1,108,boxing,T
person07_boxing_d1,person07_boxing_d1_uncomp.avi,person07_boxing_d1_s1_boxing_original.avi,1,109,208,boxing,F
person07_boxing_d1,person07_boxing_d1_uncomp.avi,person07_boxing_d1_s1_boxing_flip.avi,1,109,208,boxing,T
person07_boxing_d1,person07_boxing_d1_uncomp.avi,person07_boxing_d1_s2_boxing_original.avi,2,209,290,boxing,F
person07_boxing_d1,person07_boxing_d1_uncomp.avi,person07_boxing_d1_s2_boxing_flip.avi,2,209,290,boxing,T
person07_boxing_d1,person07_boxing_d1_uncomp.avi,person07_boxing_d1_s3_boxing_original.avi,3,291,385,boxing,F
person07_boxing_d1,person07_boxing_d1_uncomp.avi,person07_boxing_d1_s3_boxing_flip.avi,3,291,385,boxing,T
person07_boxing_d2,person07_boxing_d2_uncomp.avi,person07_boxing_d2_s0_boxing_original.avi,0,1,96,boxing,F
person07_boxing_d2,person07_boxing_d2_uncomp.avi,person07_boxing_d2_s0_boxing_flip.avi,0,1,96,boxing,T
person07_boxing_d2,person07_boxing_d2_uncomp.avi,person07_empty_d2_s0_boxing_original.avi,1,97,108,empty,F
person07_boxing_d2,person07_boxing_d2_uncomp.avi,person07_empty_d2_s0_boxing_flip.avi,1,97,108,empty,T
person07_boxing_d2,person07_boxing_d2_uncomp.avi,person07_boxing_d2_s1_boxing_original.avi,2,109,218,boxing,F
person07_boxing_d2,person07_boxing_d2_uncomp.avi,person07_boxing_d2_s1_boxing_flip.avi,2,109,218,boxing,T
person07_boxing_d2,person07_boxing_d2_uncomp.avi,person07_empty_d2_s1_boxing_original.avi,3,219,264,empty,F
person07_boxing_d2,person07_boxing_d2_uncomp.avi,person07_empty_d2_s1_boxing_flip.avi,3,219,264,empty,T
person07_boxing_d2,person07_boxing_d2_uncomp.avi,person07_boxing_d2_s2_boxing_original.avi,4,265,325,boxing,F
person07_boxing_d2,person07_boxing_d2_uncomp.avi,person07_boxing_d2_s2_boxing_flip.avi,4,265,325,boxing,T
person07_boxing_d2,person07_boxing_d2_uncomp.avi,person07_empty_d2_s2_boxing_original.avi,5,326,425,empty,F
person07_boxing_d2,person07_boxing_d2_uncomp.avi,person07_empty_d2_s2_boxing_flip.avi,5,326,425,empty,T
person07_boxing_d2,person07_boxing_d2_uncomp.avi,person07_boxing_d2_s3_boxing_original.avi,6,426,478,boxing,F
person07_boxing_d2,person07_boxing_d2_uncomp.avi,person07_boxing_d2_s3_boxing_flip.avi,6,426,478,boxing,T
person07_boxing_d3,person07_boxing_d3_uncomp.avi,person07_boxing_d3_s0_boxing_original.avi,0,1,104,boxing,F
person07_boxing_d3,person07_boxing_d3_uncomp.avi,person07_boxing_d3_s0_boxing_flip.avi,0,1,104,boxing,T
person07_boxing_d3,person07_boxing_d3_uncomp.avi,person07_boxing_d3_s1_boxing_original.avi,1,105,198,boxing,F
person07_boxing_d3,person07_boxing_d3_uncomp.avi,person07_boxing_d3_s1_boxing_flip.avi,1,105,198,boxing,T
person07_boxing_d3,person07_boxing_d3_uncomp.avi,person07_boxing_d3_s2_boxing_original.avi,2,199,283,boxing,F
person07_boxing_d3,person07_boxing_d3_uncomp.avi,person07_boxing_d3_s2_boxing_flip.avi,2,199,283,boxing,T
person07_boxing_d3,person07_boxing_d3_uncomp.avi,person07_boxing_d3_s3_boxing_original.avi,3,284,384,boxing,F
person07_boxing_d3,person07_boxing_d3_uncomp.avi,person07_boxing_d3_s3_boxing_flip.avi,3,284,384,boxing,T
person07_boxing_d4,person07_boxing_d4_uncomp.avi,person07_boxing_d4_s0_boxing_original.avi,0,1,102,boxing,F
person07_boxing_d4,person07_boxing_d4_uncomp.avi,person07_boxing_d4_s0_boxing_flip.avi,0,1,102,boxing,T
person07_boxing_d4,person07_boxing_d4_uncomp.avi,person07_boxing_d4_s1_boxing_original.avi,1,103,191,boxing,F
person07_boxing_d4,person07_boxing_d4_uncomp.avi,person07_boxing_d4_s1_boxing_flip.avi,1,103,191,boxing,T
person07_boxing_d4,person07_boxing_d4_uncomp.avi,person07_boxing_d4_s2_boxing_original.avi,2,192,268,boxing,F
person07_boxing_d4,person07_boxing_d4_uncomp.avi,person07_boxing_d4_s2_boxing_flip.avi,2,192,268,boxing,T
person07_boxing_d4,person07_boxing_d4_uncomp.avi,person07_boxing_d4_s3_boxing_original.avi,3,269,368,boxing,F
person07_boxing_d4,person07_boxing_d4_uncomp.avi,person07_boxing_d4_s3_boxing_flip.avi,3,269,368,boxing,T
person07_handclapping_d1,person07_handclapping_d1_uncomp.avi,person07_handclapping_d1_s0_handclapping_original.avi,0,1,128,handclapping,F
person07_handclapping_d1,person07_handclapping_d1_uncomp.avi,person07_handclapping_d1_s0_handclapping_flip.avi,0,1,128,handclapping,T
person07_handclapping_d1,person07_handclapping_d1_uncomp.avi,person07_handclapping_d1_s1_handclapping_original.avi,1,129,220,handclapping,F
person07_handclapping_d1,person07_handclapping_d1_uncomp.avi,person07_handclapping_d1_s1_handclapping_flip.avi,1,129,220,handclapping,T
person07_handclapping_d1,person07_handclapping_d1_uncomp.avi,person07_handclapping_d1_s2_handclapping_original.avi,2,221,346,handclapping,F
person07_handclapping_d1,person07_handclapping_d1_uncomp.avi,person07_handclapping_d1_s2_handclapping_flip.avi,2,221,346,handclapping,T
person07_handclapping_d1,person07_handclapping_d1_uncomp.avi,person07_handclapping_d1_s3_handclapping_original.avi,3,347,446,handclapping,F
person07_handclapping_d1,person07_handclapping_d1_uncomp.avi,person07_handclapping_d1_s3_handclapping_flip.avi,3,347,446,handclapping,T
person07_handclapping_d2,person07_handclapping_d2_uncomp.avi,person07_handclapping_d2_s0_handclapping_original.avi,0,1,102,handclapping,F
person07_handclapping_d2,person07_handclapping_d2_uncomp.avi,person07_handclapping_d2_s0_handclapping_flip.avi,0,1,102,handclapping,T
person07_handclapping_d2,person07_handclapping_d2_uncomp.avi,person07_handclapping_d2_s1_handclapping_original.avi,1,103,248,handclapping,F
person07_handclapping_d2,person07_handclapping_d2_uncomp.avi,person07_handclapping_d2_s1_handclapping_flip.avi,1,103,248,handclapping,T
person07_handclapping_d2,person07_handclapping_d2_uncomp.avi,person07_handclapping_d2_s2_handclapping_original.avi,2,249,368,handclapping,F
person07_handclapping_d2,person07_handclapping_d2_uncomp.avi,person07_handclapping_d2_s2_handclapping_flip.avi,2,249,368,handclapping,T
person07_handclapping_d2,person07_handclapping_d2_uncomp.avi,person07_handclapping_d2_s3_handclapping_original.avi,3,369,518,handclapping,F
person07_handclapping_d2,person07_handclapping_d2_uncomp.avi,person07_handclapping_d2_s3_handclapping_flip.avi,3,369,518,handclapping,T
person07_handclapping_d3,person07_handclapping_d3_uncomp.avi,person07_handclapping_d3_s0_handclapping_original.avi,0,1,132,handclapping,F
person07_handclapping_d3,person07_handclapping_d3_uncomp.avi,person07_handclapping_d3_s0_handclapping_flip.avi,0,1,132,handclapping,T
person07_handclapping_d3,person07_handclapping_d3_uncomp.avi,person07_handclapping_d3_s1_handclapping_original.avi,1,133,233,handclapping,F
person07_handclapping_d3,person07_handclapping_d3_uncomp.avi,person07_handclapping_d3_s1_handclapping_flip.avi,1,133,233,handclapping,T
person07_handclapping_d3,person07_handclapping_d3_uncomp.avi,person07_handclapping_d3_s2_handclapping_original.avi,2,234,332,handclapping,F
person07_handclapping_d3,person07_handclapping_d3_uncomp.avi,person07_handclapping_d3_s2_handclapping_flip.avi,2,234,332,handclapping,T
person07_handclapping_d3,person07_handclapping_d3_uncomp.avi,person07_handclapping_d3_s3_handclapping_original.avi,3,333,500,handclapping,F
person07_handclapping_d3,person07_handclapping_d3_uncomp.avi,person07_handclapping_d3_s3_handclapping_flip.avi,3,333,500,handclapping,T
person07_handclapping_d4,person07_handclapping_d4_uncomp.avi,person07_handclapping_d4_s0_handclapping_original.avi,0,1,158,handclapping,F
person07_handclapping_d4,person07_handclapping_d4_uncomp.avi,person07_handclapping_d4_s0_handclapping_flip.avi,0,1,158,handclapping,T
person07_handclapping_d4,person07_handclapping_d4_uncomp.avi,person07_handclapping_d4_s1_handclapping_original.avi,1,159,268,handclapping,F
person07_handclapping_d4,person07_handclapping_d4_uncomp.avi,person07_handclapping_d4_s1_handclapping_flip.avi,1,159,268,handclapping,T
person07_handclapping_d4,person07_handclapping_d4_uncomp.avi,person07_handclapping_d4_s2_handclapping_original.avi,2,269,405,handclapping,F
person07_handclapping_d4,person07_handclapping_d4_uncomp.avi,person07_handclapping_d4_s2_handclapping_flip.avi,2,269,405,handclapping,T
person07_handclapping_d4,person07_handclapping_d4_uncomp.avi,person07_handclapping_d4_s3_handclapping_original.avi,3,406,550,handclapping,F
person07_handclapping_d4,person07_handclapping_d4_uncomp.avi,person07_handclapping_d4_s3_handclapping_flip.avi,3,406,550,handclapping,T
person07_handwaving_d1,person07_handwaving_d1_uncomp.avi,person07_handwaving_d1_s0_handwaving_original.avi,0,1,226,handwaving,F
person07_handwaving_d1,person07_handwaving_d1_uncomp.avi,person07_handwaving_d1_s0_handwaving_flip.avi,0,1,226,handwaving,T
person07_handwaving_d1,person07_handwaving_d1_uncomp.avi,person07_handwaving_d1_s1_handwaving_original.avi,1,227,375,handwaving,F
person07_handwaving_d1,person07_handwaving_d1_uncomp.avi,person07_handwaving_d1_s1_handwaving_flip.avi,1,227,375,handwaving,T
person07_handwaving_d1,person07_handwaving_d1_uncomp.avi,person07_handwaving_d1_s2_handwaving_original.avi,2,376,614,handwaving,F
person07_handwaving_d1,person07_handwaving_d1_uncomp.avi,person07_handwaving_d1_s2_handwaving_flip.avi,2,376,614,handwaving,T
person07_handwaving_d1,person07_handwaving_d1_uncomp.avi,person07_handwaving_d1_s3_handwaving_original.avi,3,615,782,handwaving,F
person07_handwaving_d1,person07_handwaving_d1_uncomp.avi,person07_handwaving_d1_s3_handwaving_flip.avi,3,615,782,handwaving,T
person07_handwaving_d2,person07_handwaving_d2_uncomp.avi,person07_handwaving_d2_s0_handwaving_original.avi,0,1,204,handwaving,F
person07_handwaving_d2,person07_handwaving_d2_uncomp.avi,person07_handwaving_d2_s0_handwaving_flip.avi,0,1,204,handwaving,T
person07_handwaving_d2,person07_handwaving_d2_uncomp.avi,person07_handwaving_d2_s1_handwaving_original.avi,1,205,422,handwaving,F
person07_handwaving_d2,person07_handwaving_d2_uncomp.avi,person07_handwaving_d2_s1_handwaving_flip.avi,1,205,422,handwaving,T
person07_handwaving_d2,person07_handwaving_d2_uncomp.avi,person07_handwaving_d2_s2_handwaving_original.avi,2,423,590,handwaving,F
person07_handwaving_d2,person07_handwaving_d2_uncomp.avi,person07_handwaving_d2_s2_handwaving_flip.avi,2,423,590,handwaving,T
person07_handwaving_d2,person07_handwaving_d2_uncomp.avi,person07_handwaving_d2_s3_handwaving_original.avi,3,591,752,handwaving,F
person07_handwaving_d2,person07_handwaving_d2_uncomp.avi,person07_handwaving_d2_s3_handwaving_flip.avi,3,591,752,handwaving,T
person07_handwaving_d3,person07_handwaving_d3_uncomp.avi,person07_handwaving_d3_s0_handwaving_original.avi,0,1,150,handwaving,F
person07_handwaving_d3,person07_handwaving_d3_uncomp.avi,person07_handwaving_d3_s0_handwaving_flip.avi,0,1,150,handwaving,T
person07_handwaving_d3,person07_handwaving_d3_uncomp.avi,person07_handwaving_d3_s1_handwaving_original.avi,1,151,316,handwaving,F
person07_handwaving_d3,person07_handwaving_d3_uncomp.avi,person07_handwaving_d3_s1_handwaving_flip.avi,1,151,316,handwaving,T
person07_handwaving_d3,person07_handwaving_d3_uncomp.avi,person07_handwaving_d3_s2_handwaving_original.avi,2,317,428,handwaving,F
person07_handwaving_d3,person07_handwaving_d3_uncomp.avi,person07_handwaving_d3_s2_handwaving_flip.avi,2,317,428,handwaving,T
person07_handwaving_d3,person07_handwaving_d3_uncomp.avi,person07_handwaving_d3_s3_handwaving_original.avi,3,429,595,handwaving,F
person07_handwaving_d3,person07_handwaving_d3_uncomp.avi,person07_handwaving_d3_s3_handwaving_flip.avi,3,429,595,handwaving,T
person07_handwaving_d4,person07_handwaving_d4_uncomp.avi,person07_handwaving_d4_s0_handwaving_original.avi,0,1,216,handwaving,F
person07_handwaving_d4,person07_handwaving_d4_uncomp.avi,person07_handwaving_d4_s0_handwaving_flip.avi,0,1,216,handwaving,T
person07_handwaving_d4,person07_handwaving_d4_uncomp.avi,person07_handwaving_d4_s1_handwaving_original.avi,1,217,404,handwaving,F
person07_handwaving_d4,person07_handwaving_d4_uncomp.avi,person07_handwaving_d4_s1_handwaving_flip.avi,1,217,404,handwaving,T
person07_handwaving_d4,person07_handwaving_d4_uncomp.avi,person07_handwaving_d4_s2_handwaving_original.avi,2,405,585,handwaving,F
person07_handwaving_d4,person07_handwaving_d4_uncomp.avi,person07_handwaving_d4_s2_handwaving_flip.avi,2,405,585,handwaving,T
person07_handwaving_d4,person07_handwaving_d4_uncomp.avi,person07_handwaving_d4_s3_handwaving_original.avi,3,586,780,handwaving,F
person07_handwaving_d4,person07_handwaving_d4_uncomp.avi,person07_handwaving_d4_s3_handwaving_flip.avi,3,586,780,handwaving,T
person07_jogging_d1,person07_jogging_d1_uncomp.avi,person07_jogging_d1_s0_jogging_original.avi,0,1,42,jogging,F
person07_jogging_d1,person07_jogging_d1_uncomp.avi,person07_jogging_d1_s0_jogging_flip.avi,0,1,42,jogging,T
person07_jogging_d1,person07_jogging_d1_uncomp.avi,person07_empty_d1_s0_jogging_original.avi,1,43,83,empty,F
person07_jogging_d1,person07_jogging_d1_uncomp.avi,person07_empty_d1_s0_jogging_flip.avi,1,43,83,empty,T
person07_jogging_d1,person07_jogging_d1_uncomp.avi,person07_jogging_d1_s1_jogging_original.avi,2,84,126,jogging,F
person07_jogging_d1,person07_jogging_d1_uncomp.avi,person07_jogging_d1_s1_jogging_flip.avi,2,84,126,jogging,T
person07_jogging_d1,person07_jogging_d1_uncomp.avi,person07_empty_d1_s1_jogging_original.avi,3,127,205,empty,F
person07_jogging_d1,person07_jogging_d1_uncomp.avi,person07_empty_d1_s1_jogging_flip.avi,3,127,205,empty,T
person07_jogging_d1,person07_jogging_d1_uncomp.avi,person07_jogging_d1_s2_jogging_original.avi,4,206,248,jogging,F
person07_jogging_d1,person07_jogging_d1_uncomp.avi,person07_jogging_d1_s2_jogging_flip.avi,4,206,248,jogging,T
person07_jogging_d1,person07_jogging_d1_uncomp.avi,person07_empty_d1_s2_jogging_original.avi,5,249,281,empty,F
person07_jogging_d1,person07_jogging_d1_uncomp.avi,person07_empty_d1_s2_jogging_flip.avi,5,249,281,empty,T
person07_jogging_d1,person07_jogging_d1_uncomp.avi,person07_jogging_d1_s3_jogging_original.avi,6,282,330,jogging,F
person07_jogging_d1,person07_jogging_d1_uncomp.avi,person07_jogging_d1_s3_jogging_flip.avi,6,282,330,jogging,T
person07_jogging_d2,person07_jogging_d2_uncomp.avi,person07_jogging_d2_s0_jogging_original.avi,0,1,72,jogging,F
person07_jogging_d2,person07_jogging_d2_uncomp.avi,person07_jogging_d2_s0_jogging_flip.avi,0,1,72,jogging,T
person07_jogging_d2,person07_jogging_d2_uncomp.avi,person07_empty_d2_s0_jogging_original.avi,1,73,149,empty,F
person07_jogging_d2,person07_jogging_d2_uncomp.avi,person07_empty_d2_s0_jogging_flip.avi,1,73,149,empty,T
person07_jogging_d2,person07_jogging_d2_uncomp.avi,person07_jogging_d2_s1_jogging_original.avi,2,150,222,jogging,F
person07_jogging_d2,person07_jogging_d2_uncomp.avi,person07_jogging_d2_s1_jogging_flip.avi,2,150,222,jogging,T
person07_jogging_d2,person07_jogging_d2_uncomp.avi,person07_empty_d2_s1_jogging_original.avi,3,223,233,empty,F
person07_jogging_d2,person07_jogging_d2_uncomp.avi,person07_empty_d2_s1_jogging_flip.avi,3,223,233,empty,T
person07_jogging_d2,person07_jogging_d2_uncomp.avi,person07_jogging_d2_s2_jogging_original.avi,4,234,308,jogging,F
person07_jogging_d2,person07_jogging_d2_uncomp.avi,person07_jogging_d2_s2_jogging_flip.avi,4,234,308,jogging,T
person07_jogging_d2,person07_jogging_d2_uncomp.avi,person07_empty_d2_s2_jogging_original.avi,5,309,381,empty,F
person07_jogging_d2,person07_jogging_d2_uncomp.avi,person07_empty_d2_s2_jogging_flip.avi,5,309,381,empty,T
person07_jogging_d2,person07_jogging_d2_uncomp.avi,person07_jogging_d2_s3_jogging_original.avi,6,382,456,jogging,F
person07_jogging_d2,person07_jogging_d2_uncomp.avi,person07_jogging_d2_s3_jogging_flip.avi,6,382,456,jogging,T
person07_jogging_d3,person07_jogging_d3_uncomp.avi,person07_jogging_d3_s0_jogging_original.avi,0,1,50,jogging,F
person07_jogging_d3,person07_jogging_d3_uncomp.avi,person07_jogging_d3_s0_jogging_flip.avi,0,1,50,jogging,T
person07_jogging_d3,person07_jogging_d3_uncomp.avi,person07_empty_d3_s0_jogging_original.avi,1,51,79,empty,F
person07_jogging_d3,person07_jogging_d3_uncomp.avi,person07_empty_d3_s0_jogging_flip.avi,1,51,79,empty,T
person07_jogging_d3,person07_jogging_d3_uncomp.avi,person07_jogging_d3_s1_jogging_original.avi,2,80,132,jogging,F
person07_jogging_d3,person07_jogging_d3_uncomp.avi,person07_jogging_d3_s1_jogging_flip.avi,2,80,132,jogging,T
person07_jogging_d3,person07_jogging_d3_uncomp.avi,person07_empty_d3_s1_jogging_original.avi,3,133,185,empty,F
person07_jogging_d3,person07_jogging_d3_uncomp.avi,person07_empty_d3_s1_jogging_flip.avi,3,133,185,empty,T
person07_jogging_d3,person07_jogging_d3_uncomp.avi,person07_jogging_d3_s2_jogging_original.avi,4,186,240,jogging,F
person07_jogging_d3,person07_jogging_d3_uncomp.avi,person07_jogging_d3_s2_jogging_flip.avi,4,186,240,jogging,T
person07_jogging_d3,person07_jogging_d3_uncomp.avi,person07_empty_d3_s2_jogging_original.avi,5,241,261,empty,F
person07_jogging_d3,person07_jogging_d3_uncomp.avi,person07_empty_d3_s2_jogging_flip.avi,5,241,261,empty,T
person07_jogging_d3,person07_jogging_d3_uncomp.avi,person07_jogging_d3_s3_jogging_original.avi,6,262,312,jogging,F
person07_jogging_d3,person07_jogging_d3_uncomp.avi,person07_jogging_d3_s3_jogging_flip.avi,6,262,312,jogging,T
person07_jogging_d4,person07_jogging_d4_uncomp.avi,person07_jogging_d4_s0_jogging_original.avi,0,1,64,jogging,F
person07_jogging_d4,person07_jogging_d4_uncomp.avi,person07_jogging_d4_s0_jogging_flip.avi,0,1,64,jogging,T
person07_jogging_d4,person07_jogging_d4_uncomp.avi,person07_empty_d4_s0_jogging_original.avi,1,65,193,empty,F
person07_jogging_d4,person07_jogging_d4_uncomp.avi,person07_empty_d4_s0_jogging_flip.avi,1,65,193,empty,T
person07_jogging_d4,person07_jogging_d4_uncomp.avi,person07_jogging_d4_s1_jogging_original.avi,2,194,264,jogging,F
person07_jogging_d4,person07_jogging_d4_uncomp.avi,person07_jogging_d4_s1_jogging_flip.avi,2,194,264,jogging,T
person07_jogging_d4,person07_jogging_d4_uncomp.avi,person07_empty_d4_s1_jogging_original.avi,3,265,269,empty,F
person07_jogging_d4,person07_jogging_d4_uncomp.avi,person07_empty_d4_s1_jogging_flip.avi,3,265,269,empty,T
person07_jogging_d4,person07_jogging_d4_uncomp.avi,person07_jogging_d4_s2_jogging_original.avi,4,270,332,jogging,F
person07_jogging_d4,person07_jogging_d4_uncomp.avi,person07_jogging_d4_s2_jogging_flip.avi,4,270,332,jogging,T
person07_jogging_d4,person07_jogging_d4_uncomp.avi,person07_empty_d4_s2_jogging_original.avi,5,333,489,empty,F
person07_jogging_d4,person07_jogging_d4_uncomp.avi,person07_empty_d4_s2_jogging_flip.avi,5,333,489,empty,T
person07_jogging_d4,person07_jogging_d4_uncomp.avi,person07_jogging_d4_s3_jogging_original.avi,6,490,570,jogging,F
person07_jogging_d4,person07_jogging_d4_uncomp.avi,person07_jogging_d4_s3_jogging_flip.avi,6,490,570,jogging,T
person07_running_d1,person07_running_d1_uncomp.avi,person07_running_d1_s0_running_original.avi,0,1,28,running,F
person07_running_d1,person07_running_d1_uncomp.avi,person07_running_d1_s0_running_flip.avi,0,1,28,running,T
person07_running_d1,person07_running_d1_uncomp.avi,person07_empty_d1_s0_running_original.avi,1,29,77,empty,F
person07_running_d1,person07_running_d1_uncomp.avi,person07_empty_d1_s0_running_flip.avi,1,29,77,empty,T
person07_running_d1,person07_running_d1_uncomp.avi,person07_running_d1_s1_running_original.avi,2,78,110,running,F
person07_running_d1,person07_running_d1_uncomp.avi,person07_running_d1_s1_running_flip.avi,2,78,110,running,T
person07_running_d1,person07_running_d1_uncomp.avi,person07_empty_d1_s1_running_original.avi,3,111,191,empty,F
person07_running_d1,person07_running_d1_uncomp.avi,person07_empty_d1_s1_running_flip.avi,3,111,191,empty,T
person07_running_d1,person07_running_d1_uncomp.avi,person07_running_d1_s2_running_original.avi,4,192,220,running,F
person07_running_d1,person07_running_d1_uncomp.avi,person07_running_d1_s2_running_flip.avi,4,192,220,running,T
person07_running_d1,person07_running_d1_uncomp.avi,person07_empty_d1_s2_running_original.avi,5,221,279,empty,F
person07_running_d1,person07_running_d1_uncomp.avi,person07_empty_d1_s2_running_flip.avi,5,221,279,empty,T
person07_running_d1,person07_running_d1_uncomp.avi,person07_running_d1_s3_running_original.avi,6,280,312,running,F
person07_running_d1,person07_running_d1_uncomp.avi,person07_running_d1_s3_running_flip.avi,6,280,312,running,T
person07_running_d2,person07_running_d2_uncomp.avi,person07_running_d2_s0_running_original.avi,0,1,56,running,F
person07_running_d2,person07_running_d2_uncomp.avi,person07_running_d2_s0_running_flip.avi,0,1,56,running,T
person07_running_d2,person07_running_d2_uncomp.avi,person07_empty_d2_s0_running_original.avi,1,57,157,empty,F
person07_running_d2,person07_running_d2_uncomp.avi,person07_empty_d2_s0_running_flip.avi,1,57,157,empty,T
person07_running_d2,person07_running_d2_uncomp.avi,person07_running_d2_s1_running_original.avi,2,158,204,running,F
person07_running_d2,person07_running_d2_uncomp.avi,person07_running_d2_s1_running_flip.avi,2,158,204,running,T
person07_running_d2,person07_running_d2_uncomp.avi,person07_empty_d2_s1_running_original.avi,3,205,261,empty,F
person07_running_d2,person07_running_d2_uncomp.avi,person07_empty_d2_s1_running_flip.avi,3,205,261,empty,T
person07_running_d2,person07_running_d2_uncomp.avi,person07_running_d2_s2_running_original.avi,4,262,310,running,F
person07_running_d2,person07_running_d2_uncomp.avi,person07_running_d2_s2_running_flip.avi,4,262,310,running,T
person07_running_d2,person07_running_d2_uncomp.avi,person07_empty_d2_s2_running_original.avi,5,311,491,empty,F
person07_running_d2,person07_running_d2_uncomp.avi,person07_empty_d2_s2_running_flip.avi,5,311,491,empty,T
person07_running_d2,person07_running_d2_uncomp.avi,person07_running_d2_s3_running_original.avi,6,492,544,running,F
person07_running_d2,person07_running_d2_uncomp.avi,person07_running_d2_s3_running_flip.avi,6,492,544,running,T
person07_running_d3,person07_running_d3_uncomp.avi,person07_running_d3_s0_running_original.avi,0,1,40,running,F
person07_running_d3,person07_running_d3_uncomp.avi,person07_running_d3_s0_running_flip.avi,0,1,40,running,T
person07_running_d3,person07_running_d3_uncomp.avi,person07_empty_d3_s0_running_original.avi,1,41,73,empty,F
person07_running_d3,person07_running_d3_uncomp.avi,person07_empty_d3_s0_running_flip.avi,1,41,73,empty,T
person07_running_d3,person07_running_d3_uncomp.avi,person07_running_d3_s1_running_original.avi,2,74,116,running,F
person07_running_d3,person07_running_d3_uncomp.avi,person07_running_d3_s1_running_flip.avi,2,74,116,running,T
person07_running_d3,person07_running_d3_uncomp.avi,person07_empty_d3_s1_running_original.avi,3,117,235,empty,F
person07_running_d3,person07_running_d3_uncomp.avi,person07_empty_d3_s1_running_flip.avi,3,117,235,empty,T
person07_running_d3,person07_running_d3_uncomp.avi,person07_running_d3_s2_running_original.avi,4,236,275,running,F
person07_running_d3,person07_running_d3_uncomp.avi,person07_running_d3_s2_running_flip.avi,4,236,275,running,T
person07_running_d3,person07_running_d3_uncomp.avi,person07_empty_d3_s2_running_original.avi,5,276,303,empty,F
person07_running_d3,person07_running_d3_uncomp.avi,person07_empty_d3_s2_running_flip.avi,5,276,303,empty,T
person07_running_d3,person07_running_d3_uncomp.avi,person07_running_d3_s3_running_original.avi,6,304,345,running,F
person07_running_d3,person07_running_d3_uncomp.avi,person07_running_d3_s3_running_flip.avi,6,304,345,running,T
person07_running_d4,person07_running_d4_uncomp.avi,person07_running_d4_s0_running_original.avi,0,1,52,running,F
person07_running_d4,person07_running_d4_uncomp.avi,person07_running_d4_s0_running_flip.avi,0,1,52,running,T
person07_running_d4,person07_running_d4_uncomp.avi,person07_empty_d4_s0_running_original.avi,1,53,67,empty,F
person07_running_d4,person07_running_d4_uncomp.avi,person07_empty_d4_s0_running_flip.avi,1,53,67,empty,T
person07_running_d4,person07_running_d4_uncomp.avi,person07_running_d4_s1_running_original.avi,2,68,115,running,F
person07_running_d4,person07_running_d4_uncomp.avi,person07_running_d4_s1_running_flip.avi,2,68,115,running,T
person07_running_d4,person07_running_d4_uncomp.avi,person07_empty_d4_s1_running_original.avi,3,116,223,empty,F
person07_running_d4,person07_running_d4_uncomp.avi,person07_empty_d4_s1_running_flip.avi,3,116,223,empty,T
person07_running_d4,person07_running_d4_uncomp.avi,person07_running_d4_s2_running_original.avi,4,224,274,running,F
person07_running_d4,person07_running_d4_uncomp.avi,person07_running_d4_s2_running_flip.avi,4,224,274,running,T
person07_running_d4,person07_running_d4_uncomp.avi,person07_empty_d4_s2_running_original.avi,5,275,309,empty,F
person07_running_d4,person07_running_d4_uncomp.avi,person07_empty_d4_s2_running_flip.avi,5,275,309,empty,T
person07_running_d4,person07_running_d4_uncomp.avi,person07_running_d4_s3_running_original.avi,6,310,358,running,F
person07_running_d4,person07_running_d4_uncomp.avi,person07_running_d4_s3_running_flip.avi,6,310,358,running,T
person07_walking_d1,person07_walking_d1_uncomp.avi,person07_walking_d1_s0_walking_original.avi,0,1,64,walking,F
person07_walking_d1,person07_walking_d1_uncomp.avi,person07_walking_d1_s0_walking_flip.avi,0,1,64,walking,T
person07_walking_d1,person07_walking_d1_uncomp.avi,person07_empty_d1_s0_walking_original.avi,1,65,147,empty,F
person07_walking_d1,person07_walking_d1_uncomp.avi,person07_empty_d1_s0_walking_flip.avi,1,65,147,empty,T
person07_walking_d1,person07_walking_d1_uncomp.avi,person07_walking_d1_s1_walking_original.avi,2,148,215,walking,F
person07_walking_d1,person07_walking_d1_uncomp.avi,person07_walking_d1_s1_walking_flip.avi,2,148,215,walking,T
person07_walking_d1,person07_walking_d1_uncomp.avi,person07_empty_d1_s1_walking_original.avi,3,216,287,empty,F
person07_walking_d1,person07_walking_d1_uncomp.avi,person07_empty_d1_s1_walking_flip.avi,3,216,287,empty,T
person07_walking_d1,person07_walking_d1_uncomp.avi,person07_walking_d1_s2_walking_original.avi,4,288,350,walking,F
person07_walking_d1,person07_walking_d1_uncomp.avi,person07_walking_d1_s2_walking_flip.avi,4,288,350,walking,T
person07_walking_d1,person07_walking_d1_uncomp.avi,person07_empty_d1_s2_walking_original.avi,5,351,411,empty,F
person07_walking_d1,person07_walking_d1_uncomp.avi,person07_empty_d1_s2_walking_flip.avi,5,351,411,empty,T
person07_walking_d1,person07_walking_d1_uncomp.avi,person07_walking_d1_s3_walking_original.avi,6,412,475,walking,F
person07_walking_d1,person07_walking_d1_uncomp.avi,person07_walking_d1_s3_walking_flip.avi,6,412,475,walking,T
person07_walking_d2,person07_walking_d2_uncomp.avi,person07_walking_d2_s0_walking_original.avi,0,1,98,walking,F
person07_walking_d2,person07_walking_d2_uncomp.avi,person07_walking_d2_s0_walking_flip.avi,0,1,98,walking,T
person07_walking_d2,person07_walking_d2_uncomp.avi,person07_empty_d2_s0_walking_original.avi,1,99,185,empty,F
person07_walking_d2,person07_walking_d2_uncomp.avi,person07_empty_d2_s0_walking_flip.avi,1,99,185,empty,T
person07_walking_d2,person07_walking_d2_uncomp.avi,person07_walking_d2_s1_walking_original.avi,2,186,284,walking,F
person07_walking_d2,person07_walking_d2_uncomp.avi,person07_walking_d2_s1_walking_flip.avi,2,186,284,walking,T
person07_walking_d2,person07_walking_d2_uncomp.avi,person07_empty_d2_s1_walking_original.avi,3,285,341,empty,F
person07_walking_d2,person07_walking_d2_uncomp.avi,person07_empty_d2_s1_walking_flip.avi,3,285,341,empty,T
person07_walking_d2,person07_walking_d2_uncomp.avi,person07_walking_d2_s2_walking_original.avi,4,342,448,walking,F
person07_walking_d2,person07_walking_d2_uncomp.avi,person07_walking_d2_s2_walking_flip.avi,4,342,448,walking,T
person07_walking_d2,person07_walking_d2_uncomp.avi,person07_empty_d2_s2_walking_original.avi,5,449,527,empty,F
person07_walking_d2,person07_walking_d2_uncomp.avi,person07_empty_d2_s2_walking_flip.avi,5,449,527,empty,T
person07_walking_d2,person07_walking_d2_uncomp.avi,person07_walking_d2_s3_walking_original.avi,6,528,636,walking,F
person07_walking_d2,person07_walking_d2_uncomp.avi,person07_walking_d2_s3_walking_flip.avi,6,528,636,walking,T
person07_walking_d3,person07_walking_d3_uncomp.avi,person07_walking_d3_s0_walking_original.avi,0,1,88,walking,F
person07_walking_d3,person07_walking_d3_uncomp.avi,person07_walking_d3_s0_walking_flip.avi,0,1,88,walking,T
person07_walking_d3,person07_walking_d3_uncomp.avi,person07_empty_d3_s0_walking_original.avi,1,89,111,empty,F
person07_walking_d3,person07_walking_d3_uncomp.avi,person07_empty_d3_s0_walking_flip.avi,1,89,111,empty,T
person07_walking_d3,person07_walking_d3_uncomp.avi,person07_walking_d3_s1_walking_original.avi,2,112,194,walking,F
person07_walking_d3,person07_walking_d3_uncomp.avi,person07_walking_d3_s1_walking_flip.avi,2,112,194,walking,T
person07_walking_d3,person07_walking_d3_uncomp.avi,person07_empty_d3_s1_walking_original.avi,3,195,297,empty,F
person07_walking_d3,person07_walking_d3_uncomp.avi,person07_empty_d3_s1_walking_flip.avi,3,195,297,empty,T
person07_walking_d3,person07_walking_d3_uncomp.avi,person07_walking_d3_s2_walking_original.avi,4,298,386,walking,F
person07_walking_d3,person07_walking_d3_uncomp.avi,person07_walking_d3_s2_walking_flip.avi,4,298,386,walking,T
person07_walking_d3,person07_walking_d3_uncomp.avi,person07_empty_d3_s2_walking_original.avi,5,387,413,empty,F
person07_walking_d3,person07_walking_d3_uncomp.avi,person07_empty_d3_s2_walking_flip.avi,5,387,413,empty,T
person07_walking_d3,person07_walking_d3_uncomp.avi,person07_walking_d3_s3_walking_original.avi,6,414,495,walking,F
person07_walking_d3,person07_walking_d3_uncomp.avi,person07_walking_d3_s3_walking_flip.avi,6,414,495,walking,T
person07_walking_d4,person07_walking_d4_uncomp.avi,person07_walking_d4_s0_walking_original.avi,0,1,110,walking,F
person07_walking_d4,person07_walking_d4_uncomp.avi,person07_walking_d4_s0_walking_flip.avi,0,1,110,walking,T
person07_walking_d4,person07_walking_d4_uncomp.avi,person07_empty_d4_s0_walking_original.avi,1,111,163,empty,F
person07_walking_d4,person07_walking_d4_uncomp.avi,person07_empty_d4_s0_walking_flip.avi,1,111,163,empty,T
person07_walking_d4,person07_walking_d4_uncomp.avi,person07_walking_d4_s1_walking_original.avi,2,164,250,walking,F
person07_walking_d4,person07_walking_d4_uncomp.avi,person07_walking_d4_s1_walking_flip.avi,2,164,250,walking,T
person07_walking_d4,person07_walking_d4_uncomp.avi,person07_empty_d4_s1_walking_original.avi,3,251,295,empty,F
person07_walking_d4,person07_walking_d4_uncomp.avi,person07_empty_d4_s1_walking_flip.avi,3,251,295,empty,T
person07_walking_d4,person07_walking_d4_uncomp.avi,person07_walking_d4_s2_walking_original.avi,4,296,386,walking,F
person07_walking_d4,person07_walking_d4_uncomp.avi,person07_walking_d4_s2_walking_flip.avi,4,296,386,walking,T
person07_walking_d4,person07_walking_d4_uncomp.avi,person07_empty_d4_s2_walking_original.avi,5,387,441,empty,F
person07_walking_d4,person07_walking_d4_uncomp.avi,person07_empty_d4_s2_walking_flip.avi,5,387,441,empty,T
person07_walking_d4,person07_walking_d4_uncomp.avi,person07_walking_d4_s3_walking_original.avi,6,442,550,walking,F
person07_walking_d4,person07_walking_d4_uncomp.avi,person07_walking_d4_s3_walking_flip.avi,6,442,550,walking,T
person08_boxing_d1,person08_boxing_d1_uncomp.avi,person08_boxing_d1_s0_boxing_original.avi,0,1,110,boxing,F
person08_boxing_d1,person08_boxing_d1_uncomp.avi,person08_boxing_d1_s0_boxing_flip.avi,0,1,110,boxing,T
person08_boxing_d1,person08_boxing_d1_uncomp.avi,person08_boxing_d1_s1_boxing_original.avi,1,111,248,boxing,F
person08_boxing_d1,person08_boxing_d1_uncomp.avi,person08_boxing_d1_s1_boxing_flip.avi,1,111,248,boxing,T
person08_boxing_d1,person08_boxing_d1_uncomp.avi,person08_boxing_d1_s2_boxing_original.avi,2,249,334,boxing,F
person08_boxing_d1,person08_boxing_d1_uncomp.avi,person08_boxing_d1_s2_boxing_flip.avi,2,249,334,boxing,T
person08_boxing_d1,person08_boxing_d1_uncomp.avi,person08_boxing_d1_s3_boxing_original.avi,3,335,420,boxing,F
person08_boxing_d1,person08_boxing_d1_uncomp.avi,person08_boxing_d1_s3_boxing_flip.avi,3,335,420,boxing,T
person08_boxing_d2,person08_boxing_d2_uncomp.avi,person08_boxing_d2_s0_boxing_original.avi,0,1,112,boxing,F
person08_boxing_d2,person08_boxing_d2_uncomp.avi,person08_boxing_d2_s0_boxing_flip.avi,0,1,112,boxing,T
person08_boxing_d2,person08_boxing_d2_uncomp.avi,person08_boxing_d2_s1_boxing_original.avi,1,113,227,boxing,F
person08_boxing_d2,person08_boxing_d2_uncomp.avi,person08_boxing_d2_s1_boxing_flip.avi,1,113,227,boxing,T
person08_boxing_d2,person08_boxing_d2_uncomp.avi,person08_boxing_d2_s2_boxing_original.avi,2,228,316,boxing,F
person08_boxing_d2,person08_boxing_d2_uncomp.avi,person08_boxing_d2_s2_boxing_flip.avi,2,228,316,boxing,T
person08_boxing_d2,person08_boxing_d2_uncomp.avi,person08_boxing_d2_s3_boxing_original.avi,3,317,464,boxing,F
person08_boxing_d2,person08_boxing_d2_uncomp.avi,person08_boxing_d2_s3_boxing_flip.avi,3,317,464,boxing,T
person08_boxing_d3,person08_boxing_d3_uncomp.avi,person08_boxing_d3_s0_boxing_original.avi,0,1,68,boxing,F
person08_boxing_d3,person08_boxing_d3_uncomp.avi,person08_boxing_d3_s0_boxing_flip.avi,0,1,68,boxing,T
person08_boxing_d3,person08_boxing_d3_uncomp.avi,person08_empty_d3_s0_boxing_original.avi,1,69,107,empty,F
person08_boxing_d3,person08_boxing_d3_uncomp.avi,person08_empty_d3_s0_boxing_flip.avi,1,69,107,empty,T
person08_boxing_d3,person08_boxing_d3_uncomp.avi,person08_boxing_d3_s1_boxing_original.avi,2,108,216,boxing,F
person08_boxing_d3,person08_boxing_d3_uncomp.avi,person08_boxing_d3_s1_boxing_flip.avi,2,108,216,boxing,T
person08_boxing_d3,person08_boxing_d3_uncomp.avi,person08_boxing_d3_s2_boxing_original.avi,3,217,354,boxing,F
person08_boxing_d3,person08_boxing_d3_uncomp.avi,person08_boxing_d3_s2_boxing_flip.avi,3,217,354,boxing,T
person08_boxing_d3,person08_boxing_d3_uncomp.avi,person08_boxing_d3_s3_boxing_original.avi,4,355,434,boxing,F
person08_boxing_d3,person08_boxing_d3_uncomp.avi,person08_boxing_d3_s3_boxing_flip.avi,4,355,434,boxing,T
person08_boxing_d4,person08_boxing_d4_uncomp.avi,person08_boxing_d4_s0_boxing_original.avi,0,1,124,boxing,F
person08_boxing_d4,person08_boxing_d4_uncomp.avi,person08_boxing_d4_s0_boxing_flip.avi,0,1,124,boxing,T
person08_boxing_d4,person08_boxing_d4_uncomp.avi,person08_boxing_d4_s1_boxing_original.avi,1,125,218,boxing,F
person08_boxing_d4,person08_boxing_d4_uncomp.avi,person08_boxing_d4_s1_boxing_flip.avi,1,125,218,boxing,T
person08_boxing_d4,person08_boxing_d4_uncomp.avi,person08_boxing_d4_s2_boxing_original.avi,2,219,346,boxing,F
person08_boxing_d4,person08_boxing_d4_uncomp.avi,person08_boxing_d4_s2_boxing_flip.avi,2,219,346,boxing,T
person08_boxing_d4,person08_boxing_d4_uncomp.avi,person08_boxing_d4_s3_boxing_original.avi,3,347,470,boxing,F
person08_boxing_d4,person08_boxing_d4_uncomp.avi,person08_boxing_d4_s3_boxing_flip.avi,3,347,470,boxing,T
person08_handclapping_d1,person08_handclapping_d1_uncomp.avi,person08_handclapping_d1_s0_handclapping_original.avi,0,1,108,handclapping,F
person08_handclapping_d1,person08_handclapping_d1_uncomp.avi,person08_handclapping_d1_s0_handclapping_flip.avi,0,1,108,handclapping,T
person08_handclapping_d1,person08_handclapping_d1_uncomp.avi,person08_handclapping_d1_s1_handclapping_original.avi,1,109,190,handclapping,F
person08_handclapping_d1,person08_handclapping_d1_uncomp.avi,person08_handclapping_d1_s1_handclapping_flip.avi,1,109,190,handclapping,T
person08_handclapping_d1,person08_handclapping_d1_uncomp.avi,person08_handclapping_d1_s2_handclapping_original.avi,2,191,296,handclapping,F
person08_handclapping_d1,person08_handclapping_d1_uncomp.avi,person08_handclapping_d1_s2_handclapping_flip.avi,2,191,296,handclapping,T
person08_handclapping_d1,person08_handclapping_d1_uncomp.avi,person08_empty_d1_s0_handclapping_original.avi,3,297,348,empty,F
person08_handclapping_d1,person08_handclapping_d1_uncomp.avi,person08_empty_d1_s0_handclapping_flip.avi,3,297,348,empty,T
person08_handclapping_d1,person08_handclapping_d1_uncomp.avi,person08_handclapping_d1_s3_handclapping_original.avi,4,349,458,handclapping,F
person08_handclapping_d1,person08_handclapping_d1_uncomp.avi,person08_handclapping_d1_s3_handclapping_flip.avi,4,349,458,handclapping,T
person08_handclapping_d2,person08_handclapping_d2_uncomp.avi,person08_handclapping_d2_s0_handclapping_original.avi,0,1,108,handclapping,F
person08_handclapping_d2,person08_handclapping_d2_uncomp.avi,person08_handclapping_d2_s0_handclapping_flip.avi,0,1,108,handclapping,T
person08_handclapping_d2,person08_handclapping_d2_uncomp.avi,person08_handclapping_d2_s1_handclapping_original.avi,1,109,181,handclapping,F
person08_handclapping_d2,person08_handclapping_d2_uncomp.avi,person08_handclapping_d2_s1_handclapping_flip.avi,1,109,181,handclapping,T
person08_handclapping_d2,person08_handclapping_d2_uncomp.avi,person08_handclapping_d2_s2_handclapping_original.avi,2,182,308,handclapping,F
person08_handclapping_d2,person08_handclapping_d2_uncomp.avi,person08_handclapping_d2_s2_handclapping_flip.avi,2,182,308,handclapping,T
person08_handclapping_d2,person08_handclapping_d2_uncomp.avi,person08_handclapping_d2_s3_handclapping_original.avi,3,309,386,handclapping,F
person08_handclapping_d2,person08_handclapping_d2_uncomp.avi,person08_handclapping_d2_s3_handclapping_flip.avi,3,309,386,handclapping,T
person08_handclapping_d3,person08_handclapping_d3_uncomp.avi,person08_handclapping_d3_s0_handclapping_original.avi,0,1,100,handclapping,F
person08_handclapping_d3,person08_handclapping_d3_uncomp.avi,person08_handclapping_d3_s0_handclapping_flip.avi,0,1,100,handclapping,T
person08_handclapping_d3,person08_handclapping_d3_uncomp.avi,person08_handclapping_d3_s1_handclapping_original.avi,1,101,162,handclapping,F
person08_handclapping_d3,person08_handclapping_d3_uncomp.avi,person08_handclapping_d3_s1_handclapping_flip.avi,1,101,162,handclapping,T
person08_handclapping_d3,person08_handclapping_d3_uncomp.avi,person08_empty_d3_s0_handclapping_original.avi,2,163,209,empty,F
person08_handclapping_d3,person08_handclapping_d3_uncomp.avi,person08_empty_d3_s0_handclapping_flip.avi,2,163,209,empty,T
person08_handclapping_d3,person08_handclapping_d3_uncomp.avi,person08_handclapping_d3_s2_handclapping_original.avi,3,210,314,handclapping,F
person08_handclapping_d3,person08_handclapping_d3_uncomp.avi,person08_handclapping_d3_s2_handclapping_flip.avi,3,210,314,handclapping,T
person08_handclapping_d3,person08_handclapping_d3_uncomp.avi,person08_handclapping_d3_s3_handclapping_original.avi,4,315,442,handclapping,F
person08_handclapping_d3,person08_handclapping_d3_uncomp.avi,person08_handclapping_d3_s3_handclapping_flip.avi,4,315,442,handclapping,T
person08_handclapping_d4,person08_handclapping_d4_uncomp.avi,person08_handclapping_d4_s0_handclapping_original.avi,0,1,100,handclapping,F
person08_handclapping_d4,person08_handclapping_d4_uncomp.avi,person08_handclapping_d4_s0_handclapping_flip.avi,0,1,100,handclapping,T
person08_handclapping_d4,person08_handclapping_d4_uncomp.avi,person08_handclapping_d4_s1_handclapping_original.avi,1,101,232,handclapping,F
person08_handclapping_d4,person08_handclapping_d4_uncomp.avi,person08_handclapping_d4_s1_handclapping_flip.avi,1,101,232,handclapping,T
person08_handclapping_d4,person08_handclapping_d4_uncomp.avi,person08_handclapping_d4_s2_handclapping_original.avi,2,233,340,handclapping,F
person08_handclapping_d4,person08_handclapping_d4_uncomp.avi,person08_handclapping_d4_s2_handclapping_flip.avi,2,233,340,handclapping,T
person08_handclapping_d4,person08_handclapping_d4_uncomp.avi,person08_handclapping_d4_s3_handclapping_original.avi,3,341,416,handclapping,F
person08_handclapping_d4,person08_handclapping_d4_uncomp.avi,person08_handclapping_d4_s3_handclapping_flip.avi,3,341,416,handclapping,T
person08_handwaving_d1,person08_handwaving_d1_uncomp.avi,person08_handwaving_d1_s0_handwaving_original.avi,0,1,118,handwaving,F
person08_handwaving_d1,person08_handwaving_d1_uncomp.avi,person08_handwaving_d1_s0_handwaving_flip.avi,0,1,118,handwaving,T
person08_handwaving_d1,person08_handwaving_d1_uncomp.avi,person08_handwaving_d1_s1_handwaving_original.avi,1,119,242,handwaving,F
person08_handwaving_d1,person08_handwaving_d1_uncomp.avi,person08_handwaving_d1_s1_handwaving_flip.avi,1,119,242,handwaving,T
person08_handwaving_d1,person08_handwaving_d1_uncomp.avi,person08_handwaving_d1_s2_handwaving_original.avi,2,243,322,handwaving,F
person08_handwaving_d1,person08_handwaving_d1_uncomp.avi,person08_handwaving_d1_s2_handwaving_flip.avi,2,243,322,handwaving,T
person08_handwaving_d1,person08_handwaving_d1_uncomp.avi,person08_handwaving_d1_s3_handwaving_original.avi,3,323,502,handwaving,F
person08_handwaving_d1,person08_handwaving_d1_uncomp.avi,person08_handwaving_d1_s3_handwaving_flip.avi,3,323,502,handwaving,T
person08_handwaving_d2,person08_handwaving_d2_uncomp.avi,person08_handwaving_d2_s0_handwaving_original.avi,0,1,108,handwaving,F
person08_handwaving_d2,person08_handwaving_d2_uncomp.avi,person08_handwaving_d2_s0_handwaving_flip.avi,0,1,108,handwaving,T
person08_handwaving_d2,person08_handwaving_d2_uncomp.avi,person08_handwaving_d2_s1_handwaving_original.avi,1,109,216,handwaving,F
person08_handwaving_d2,person08_handwaving_d2_uncomp.avi,person08_handwaving_d2_s1_handwaving_flip.avi,1,109,216,handwaving,T
person08_handwaving_d2,person08_handwaving_d2_uncomp.avi,person08_handwaving_d2_s2_handwaving_original.avi,2,217,358,handwaving,F
person08_handwaving_d2,person08_handwaving_d2_uncomp.avi,person08_handwaving_d2_s2_handwaving_flip.avi,2,217,358,handwaving,T
person08_handwaving_d2,person08_handwaving_d2_uncomp.avi,person08_handwaving_d2_s3_handwaving_original.avi,3,359,430,handwaving,F
person08_handwaving_d2,person08_handwaving_d2_uncomp.avi,person08_handwaving_d2_s3_handwaving_flip.avi,3,359,430,handwaving,T
person08_handwaving_d3,person08_handwaving_d3_uncomp.avi,person08_handwaving_d3_s0_handwaving_original.avi,0,1,116,handwaving,F
person08_handwaving_d3,person08_handwaving_d3_uncomp.avi,person08_handwaving_d3_s0_handwaving_flip.avi,0,1,116,handwaving,T
person08_handwaving_d3,person08_handwaving_d3_uncomp.avi,person08_handwaving_d3_s1_handwaving_original.avi,1,117,240,handwaving,F
person08_handwaving_d3,person08_handwaving_d3_uncomp.avi,person08_handwaving_d3_s1_handwaving_flip.avi,1,117,240,handwaving,T
person08_handwaving_d3,person08_handwaving_d3_uncomp.avi,person08_empty_d3_s0_handwaving_original.avi,2,241,339,empty,F
person08_handwaving_d3,person08_handwaving_d3_uncomp.avi,person08_empty_d3_s0_handwaving_flip.avi,2,241,339,empty,T
person08_handwaving_d3,person08_handwaving_d3_uncomp.avi,person08_handwaving_d3_s2_handwaving_original.avi,3,340,500,handwaving,F
person08_handwaving_d3,person08_handwaving_d3_uncomp.avi,person08_handwaving_d3_s2_handwaving_flip.avi,3,340,500,handwaving,T
person08_handwaving_d3,person08_handwaving_d3_uncomp.avi,person08_handwaving_d3_s3_handwaving_original.avi,4,501,575,handwaving,F
person08_handwaving_d3,person08_handwaving_d3_uncomp.avi,person08_handwaving_d3_s3_handwaving_flip.avi,4,501,575,handwaving,T
person08_handwaving_d4,person08_handwaving_d4_uncomp.avi,person08_handwaving_d4_s0_handwaving_original.avi,0,1,116,handwaving,F
person08_handwaving_d4,person08_handwaving_d4_uncomp.avi,person08_handwaving_d4_s0_handwaving_flip.avi,0,1,116,handwaving,T
person08_handwaving_d4,person08_handwaving_d4_uncomp.avi,person08_handwaving_d4_s1_handwaving_original.avi,1,117,230,handwaving,F
person08_handwaving_d4,person08_handwaving_d4_uncomp.avi,person08_handwaving_d4_s1_handwaving_flip.avi,1,117,230,handwaving,T
person08_handwaving_d4,person08_handwaving_d4_uncomp.avi,person08_handwaving_d4_s2_handwaving_original.avi,2,231,398,handwaving,F
person08_handwaving_d4,person08_handwaving_d4_uncomp.avi,person08_handwaving_d4_s2_handwaving_flip.avi,2,231,398,handwaving,T
person08_handwaving_d4,person08_handwaving_d4_uncomp.avi,person08_handwaving_d4_s3_handwaving_original.avi,3,399,478,handwaving,F
person08_handwaving_d4,person08_handwaving_d4_uncomp.avi,person08_handwaving_d4_s3_handwaving_flip.avi,3,399,478,handwaving,T
person08_jogging_d1,person08_jogging_d1_uncomp.avi,person08_jogging_d1_s0_jogging_original.avi,0,1,58,jogging,F
person08_jogging_d1,person08_jogging_d1_uncomp.avi,person08_jogging_d1_s0_jogging_flip.avi,0,1,58,jogging,T
person08_jogging_d1,person08_jogging_d1_uncomp.avi,person08_empty_d1_s0_jogging_original.avi,1,59,127,empty,F
person08_jogging_d1,person08_jogging_d1_uncomp.avi,person08_empty_d1_s0_jogging_flip.avi,1,59,127,empty,T
person08_jogging_d1,person08_jogging_d1_uncomp.avi,person08_jogging_d1_s1_jogging_original.avi,2,128,182,jogging,F
person08_jogging_d1,person08_jogging_d1_uncomp.avi,person08_jogging_d1_s1_jogging_flip.avi,2,128,182,jogging,T
person08_jogging_d1,person08_jogging_d1_uncomp.avi,person08_empty_d1_s1_jogging_original.avi,3,183,215,empty,F
person08_jogging_d1,person08_jogging_d1_uncomp.avi,person08_empty_d1_s1_jogging_flip.avi,3,183,215,empty,T
person08_jogging_d1,person08_jogging_d1_uncomp.avi,person08_jogging_d1_s2_jogging_original.avi,4,216,270,jogging,F
person08_jogging_d1,person08_jogging_d1_uncomp.avi,person08_jogging_d1_s2_jogging_flip.avi,4,216,270,jogging,T
person08_jogging_d1,person08_jogging_d1_uncomp.avi,person08_empty_d1_s2_jogging_original.avi,5,271,343,empty,F
person08_jogging_d1,person08_jogging_d1_uncomp.avi,person08_empty_d1_s2_jogging_flip.avi,5,271,343,empty,T
person08_jogging_d1,person08_jogging_d1_uncomp.avi,person08_jogging_d1_s3_jogging_original.avi,6,344,400,jogging,F
person08_jogging_d1,person08_jogging_d1_uncomp.avi,person08_jogging_d1_s3_jogging_flip.avi,6,344,400,jogging,T
person08_jogging_d2,person08_jogging_d2_uncomp.avi,person08_jogging_d2_s0_jogging_original.avi,0,1,84,jogging,F
person08_jogging_d2,person08_jogging_d2_uncomp.avi,person08_jogging_d2_s0_jogging_flip.avi,0,1,84,jogging,T
person08_jogging_d2,person08_jogging_d2_uncomp.avi,person08_empty_d2_s0_jogging_original.avi,1,85,131,empty,F
person08_jogging_d2,person08_jogging_d2_uncomp.avi,person08_empty_d2_s0_jogging_flip.avi,1,85,131,empty,T
person08_jogging_d2,person08_jogging_d2_uncomp.avi,person08_jogging_d2_s1_jogging_original.avi,2,132,212,jogging,F
person08_jogging_d2,person08_jogging_d2_uncomp.avi,person08_jogging_d2_s1_jogging_flip.avi,2,132,212,jogging,T
person08_jogging_d2,person08_jogging_d2_uncomp.avi,person08_empty_d2_s1_jogging_original.avi,3,213,257,empty,F
person08_jogging_d2,person08_jogging_d2_uncomp.avi,person08_empty_d2_s1_jogging_flip.avi,3,213,257,empty,T
person08_jogging_d2,person08_jogging_d2_uncomp.avi,person08_jogging_d2_s2_jogging_original.avi,4,258,345,jogging,F
person08_jogging_d2,person08_jogging_d2_uncomp.avi,person08_jogging_d2_s2_jogging_flip.avi,4,258,345,jogging,T
person08_jogging_d2,person08_jogging_d2_uncomp.avi,person08_empty_d2_s2_jogging_original.avi,5,346,397,empty,F
person08_jogging_d2,person08_jogging_d2_uncomp.avi,person08_empty_d2_s2_jogging_flip.avi,5,346,397,empty,T
person08_jogging_d2,person08_jogging_d2_uncomp.avi,person08_jogging_d2_s3_jogging_original.avi,6,398,478,jogging,F
person08_jogging_d2,person08_jogging_d2_uncomp.avi,person08_jogging_d2_s3_jogging_flip.avi,6,398,478,jogging,T
person08_jogging_d3,person08_jogging_d3_uncomp.avi,person08_jogging_d3_s0_jogging_original.avi,0,1,55,jogging,F
person08_jogging_d3,person08_jogging_d3_uncomp.avi,person08_jogging_d3_s0_jogging_flip.avi,0,1,55,jogging,T
person08_jogging_d3,person08_jogging_d3_uncomp.avi,person08_empty_d3_s0_jogging_original.avi,1,56,121,empty,F
person08_jogging_d3,person08_jogging_d3_uncomp.avi,person08_empty_d3_s0_jogging_flip.avi,1,56,121,empty,T
person08_jogging_d3,person08_jogging_d3_uncomp.avi,person08_jogging_d3_s1_jogging_original.avi,2,122,182,jogging,F
person08_jogging_d3,person08_jogging_d3_uncomp.avi,person08_jogging_d3_s1_jogging_flip.avi,2,122,182,jogging,T
person08_jogging_d3,person08_jogging_d3_uncomp.avi,person08_empty_d3_s1_jogging_original.avi,3,183,211,empty,F
person08_jogging_d3,person08_jogging_d3_uncomp.avi,person08_empty_d3_s1_jogging_flip.avi,3,183,211,empty,T
person08_jogging_d3,person08_jogging_d3_uncomp.avi,person08_jogging_d3_s2_jogging_original.avi,4,212,272,jogging,F
person08_jogging_d3,person08_jogging_d3_uncomp.avi,person08_jogging_d3_s2_jogging_flip.avi,4,212,272,jogging,T
person08_jogging_d3,person08_jogging_d3_uncomp.avi,person08_empty_d3_s2_jogging_original.avi,5,273,335,empty,F
person08_jogging_d3,person08_jogging_d3_uncomp.avi,person08_empty_d3_s2_jogging_flip.avi,5,273,335,empty,T
person08_jogging_d3,person08_jogging_d3_uncomp.avi,person08_jogging_d3_s3_jogging_original.avi,6,336,400,jogging,F
person08_jogging_d3,person08_jogging_d3_uncomp.avi,person08_jogging_d3_s3_jogging_flip.avi,6,336,400,jogging,T
person08_jogging_d4,person08_jogging_d4_uncomp.avi,person08_jogging_d4_s0_jogging_original.avi,0,1,78,jogging,F
person08_jogging_d4,person08_jogging_d4_uncomp.avi,person08_jogging_d4_s0_jogging_flip.avi,0,1,78,jogging,T
person08_jogging_d4,person08_jogging_d4_uncomp.avi,person08_empty_d4_s0_jogging_original.avi,1,79,131,empty,F
person08_jogging_d4,person08_jogging_d4_uncomp.avi,person08_empty_d4_s0_jogging_flip.avi,1,79,131,empty,T
person08_jogging_d4,person08_jogging_d4_uncomp.avi,person08_jogging_d4_s1_jogging_original.avi,2,132,210,jogging,F
person08_jogging_d4,person08_jogging_d4_uncomp.avi,person08_jogging_d4_s1_jogging_flip.avi,2,132,210,jogging,T
person08_jogging_d4,person08_jogging_d4_uncomp.avi,person08_empty_d4_s1_jogging_original.avi,3,211,219,empty,F
person08_jogging_d4,person08_jogging_d4_uncomp.avi,person08_empty_d4_s1_jogging_flip.avi,3,211,219,empty,T
person08_jogging_d4,person08_jogging_d4_uncomp.avi,person08_jogging_d4_s2_jogging_original.avi,4,220,295,jogging,F
person08_jogging_d4,person08_jogging_d4_uncomp.avi,person08_jogging_d4_s2_jogging_flip.avi,4,220,295,jogging,T
person08_jogging_d4,person08_jogging_d4_uncomp.avi,person08_empty_d4_s2_jogging_original.avi,5,296,351,empty,F
person08_jogging_d4,person08_jogging_d4_uncomp.avi,person08_empty_d4_s2_jogging_flip.avi,5,296,351,empty,T
person08_jogging_d4,person08_jogging_d4_uncomp.avi,person08_jogging_d4_s3_jogging_original.avi,6,352,425,jogging,F
person08_jogging_d4,person08_jogging_d4_uncomp.avi,person08_jogging_d4_s3_jogging_flip.avi,6,352,425,jogging,T
person08_running_d1,person08_running_d1_uncomp.avi,person08_running_d1_s0_running_original.avi,0,1,42,running,F
person08_running_d1,person08_running_d1_uncomp.avi,person08_running_d1_s0_running_flip.avi,0,1,42,running,T
person08_running_d1,person08_running_d1_uncomp.avi,person08_empty_d1_s0_running_original.avi,1,43,91,empty,F
person08_running_d1,person08_running_d1_uncomp.avi,person08_empty_d1_s0_running_flip.avi,1,43,91,empty,T
person08_running_d1,person08_running_d1_uncomp.avi,person08_running_d1_s1_running_original.avi,2,92,130,running,F
person08_running_d1,person08_running_d1_uncomp.avi,person08_running_d1_s1_running_flip.avi,2,92,130,running,T
person08_running_d1,person08_running_d1_uncomp.avi,person08_empty_d1_s1_running_original.avi,3,131,167,empty,F
person08_running_d1,person08_running_d1_uncomp.avi,person08_empty_d1_s1_running_flip.avi,3,131,167,empty,T
person08_running_d1,person08_running_d1_uncomp.avi,person08_running_d1_s2_running_original.avi,4,168,208,running,F
person08_running_d1,person08_running_d1_uncomp.avi,person08_running_d1_s2_running_flip.avi,4,168,208,running,T
person08_running_d1,person08_running_d1_uncomp.avi,person08_empty_d1_s2_running_original.avi,5,209,267,empty,F
person08_running_d1,person08_running_d1_uncomp.avi,person08_empty_d1_s2_running_flip.avi,5,209,267,empty,T
person08_running_d1,person08_running_d1_uncomp.avi,person08_running_d1_s3_running_original.avi,6,268,306,running,F
person08_running_d1,person08_running_d1_uncomp.avi,person08_running_d1_s3_running_flip.avi,6,268,306,running,T
person08_running_d2,person08_running_d2_uncomp.avi,person08_running_d2_s0_running_original.avi,0,1,56,running,F
person08_running_d2,person08_running_d2_uncomp.avi,person08_running_d2_s0_running_flip.avi,0,1,56,running,T
person08_running_d2,person08_running_d2_uncomp.avi,person08_empty_d2_s0_running_original.avi,1,57,99,empty,F
person08_running_d2,person08_running_d2_uncomp.avi,person08_empty_d2_s0_running_flip.avi,1,57,99,empty,T
person08_running_d2,person08_running_d2_uncomp.avi,person08_running_d2_s1_running_original.avi,2,100,156,running,F
person08_running_d2,person08_running_d2_uncomp.avi,person08_running_d2_s1_running_flip.avi,2,100,156,running,T
person08_running_d2,person08_running_d2_uncomp.avi,person08_empty_d2_s1_running_original.avi,3,157,204,empty,F
person08_running_d2,person08_running_d2_uncomp.avi,person08_empty_d2_s1_running_flip.avi,3,157,204,empty,T
person08_running_d2,person08_running_d2_uncomp.avi,person08_running_d2_s2_running_original.avi,4,205,258,running,F
person08_running_d2,person08_running_d2_uncomp.avi,person08_running_d2_s2_running_flip.avi,4,205,258,running,T
person08_running_d2,person08_running_d2_uncomp.avi,person08_empty_d2_s2_running_original.avi,5,259,303,empty,F
person08_running_d2,person08_running_d2_uncomp.avi,person08_empty_d2_s2_running_flip.avi,5,259,303,empty,T
person08_running_d2,person08_running_d2_uncomp.avi,person08_running_d2_s3_running_original.avi,6,304,365,running,F
person08_running_d2,person08_running_d2_uncomp.avi,person08_running_d2_s3_running_flip.avi,6,304,365,running,T
person08_running_d3,person08_running_d3_uncomp.avi,person08_running_d3_s0_running_original.avi,0,1,42,running,F
person08_running_d3,person08_running_d3_uncomp.avi,person08_running_d3_s0_running_flip.avi,0,1,42,running,T
person08_running_d3,person08_running_d3_uncomp.avi,person08_empty_d3_s0_running_original.avi,1,43,103,empty,F
person08_running_d3,person08_running_d3_uncomp.avi,person08_empty_d3_s0_running_flip.avi,1,43,103,empty,T
person08_running_d3,person08_running_d3_uncomp.avi,person08_running_d3_s1_running_original.avi,2,104,150,running,F
person08_running_d3,person08_running_d3_uncomp.avi,person08_running_d3_s1_running_flip.avi,2,104,150,running,T
person08_running_d3,person08_running_d3_uncomp.avi,person08_empty_d3_s1_running_original.avi,3,151,197,empty,F
person08_running_d3,person08_running_d3_uncomp.avi,person08_empty_d3_s1_running_flip.avi,3,151,197,empty,T
person08_running_d3,person08_running_d3_uncomp.avi,person08_running_d3_s2_running_original.avi,4,198,248,running,F
person08_running_d3,person08_running_d3_uncomp.avi,person08_running_d3_s2_running_flip.avi,4,198,248,running,T
person08_running_d3,person08_running_d3_uncomp.avi,person08_empty_d3_s2_running_original.avi,5,249,637,empty,F
person08_running_d3,person08_running_d3_uncomp.avi,person08_empty_d3_s2_running_flip.avi,5,249,637,empty,T
person08_running_d3,person08_running_d3_uncomp.avi,person08_running_d3_s3_running_original.avi,6,638,686,running,F
person08_running_d3,person08_running_d3_uncomp.avi,person08_running_d3_s3_running_flip.avi,6,638,686,running,T
person08_running_d4,person08_running_d4_uncomp.avi,person08_running_d4_s0_running_original.avi,0,1,52,running,F
person08_running_d4,person08_running_d4_uncomp.avi,person08_running_d4_s0_running_flip.avi,0,1,52,running,T
person08_running_d4,person08_running_d4_uncomp.avi,person08_empty_d4_s0_running_original.avi,1,53,77,empty,F
person08_running_d4,person08_running_d4_uncomp.avi,person08_empty_d4_s0_running_flip.avi,1,53,77,empty,T
person08_running_d4,person08_running_d4_uncomp.avi,person08_running_d4_s1_running_original.avi,2,78,128,running,F
person08_running_d4,person08_running_d4_uncomp.avi,person08_running_d4_s1_running_flip.avi,2,78,128,running,T
person08_running_d4,person08_running_d4_uncomp.avi,person08_empty_d4_s1_running_original.avi,3,129,141,empty,F
person08_running_d4,person08_running_d4_uncomp.avi,person08_empty_d4_s1_running_flip.avi,3,129,141,empty,T
person08_running_d4,person08_running_d4_uncomp.avi,person08_running_d4_s2_running_original.avi,4,142,190,running,F
person08_running_d4,person08_running_d4_uncomp.avi,person08_running_d4_s2_running_flip.avi,4,142,190,running,T
person08_running_d4,person08_running_d4_uncomp.avi,person08_empty_d4_s2_running_original.avi,5,191,223,empty,F
person08_running_d4,person08_running_d4_uncomp.avi,person08_empty_d4_s2_running_flip.avi,5,191,223,empty,T
person08_running_d4,person08_running_d4_uncomp.avi,person08_running_d4_s3_running_original.avi,6,224,274,running,F
person08_running_d4,person08_running_d4_uncomp.avi,person08_running_d4_s3_running_flip.avi,6,224,274,running,T
person08_walking_d1,person08_walking_d1_uncomp.avi,person08_walking_d1_s0_walking_original.avi,0,1,78,walking,F
person08_walking_d1,person08_walking_d1_uncomp.avi,person08_walking_d1_s0_walking_flip.avi,0,1,78,walking,T
person08_walking_d1,person08_walking_d1_uncomp.avi,person08_empty_d1_s0_walking_original.avi,1,79,184,empty,F
person08_walking_d1,person08_walking_d1_uncomp.avi,person08_empty_d1_s0_walking_flip.avi,1,79,184,empty,T
person08_walking_d1,person08_walking_d1_uncomp.avi,person08_walking_d1_s1_walking_original.avi,2,185,258,walking,F
person08_walking_d1,person08_walking_d1_uncomp.avi,person08_walking_d1_s1_walking_flip.avi,2,185,258,walking,T
person08_walking_d1,person08_walking_d1_uncomp.avi,person08_empty_d1_s1_walking_original.avi,3,259,325,empty,F
person08_walking_d1,person08_walking_d1_uncomp.avi,person08_empty_d1_s1_walking_flip.avi,3,259,325,empty,T
person08_walking_d1,person08_walking_d1_uncomp.avi,person08_walking_d1_s2_walking_original.avi,4,326,398,walking,F
person08_walking_d1,person08_walking_d1_uncomp.avi,person08_walking_d1_s2_walking_flip.avi,4,326,398,walking,T
person08_walking_d1,person08_walking_d1_uncomp.avi,person08_empty_d1_s2_walking_original.avi,5,399,477,empty,F
person08_walking_d1,person08_walking_d1_uncomp.avi,person08_empty_d1_s2_walking_flip.avi,5,399,477,empty,T
person08_walking_d1,person08_walking_d1_uncomp.avi,person08_walking_d1_s3_walking_original.avi,6,478,552,walking,F
person08_walking_d1,person08_walking_d1_uncomp.avi,person08_walking_d1_s3_walking_flip.avi,6,478,552,walking,T
person08_walking_d2,person08_walking_d2_uncomp.avi,person08_walking_d2_s0_walking_original.avi,0,1,128,walking,F
person08_walking_d2,person08_walking_d2_uncomp.avi,person08_walking_d2_s0_walking_flip.avi,0,1,128,walking,T
person08_walking_d2,person08_walking_d2_uncomp.avi,person08_empty_d2_s0_walking_original.avi,1,129,199,empty,F
person08_walking_d2,person08_walking_d2_uncomp.avi,person08_empty_d2_s0_walking_flip.avi,1,129,199,empty,T
person08_walking_d2,person08_walking_d2_uncomp.avi,person08_walking_d2_s1_walking_original.avi,2,200,330,walking,F
person08_walking_d2,person08_walking_d2_uncomp.avi,person08_walking_d2_s1_walking_flip.avi,2,200,330,walking,T
person08_walking_d2,person08_walking_d2_uncomp.avi,person08_empty_d2_s1_walking_original.avi,3,331,407,empty,F
person08_walking_d2,person08_walking_d2_uncomp.avi,person08_empty_d2_s1_walking_flip.avi,3,331,407,empty,T
person08_walking_d2,person08_walking_d2_uncomp.avi,person08_walking_d2_s2_walking_original.avi,4,408,542,walking,F
person08_walking_d2,person08_walking_d2_uncomp.avi,person08_walking_d2_s2_walking_flip.avi,4,408,542,walking,T
person08_walking_d2,person08_walking_d2_uncomp.avi,person08_empty_d2_s2_walking_original.avi,5,543,621,empty,F
person08_walking_d2,person08_walking_d2_uncomp.avi,person08_empty_d2_s2_walking_flip.avi,5,543,621,empty,T
person08_walking_d2,person08_walking_d2_uncomp.avi,person08_walking_d2_s3_walking_original.avi,6,622,750,walking,F
person08_walking_d2,person08_walking_d2_uncomp.avi,person08_walking_d2_s3_walking_flip.avi,6,622,750,walking,T
person08_walking_d3,person08_walking_d3_uncomp.avi,person08_walking_d3_s0_walking_original.avi,0,1,85,walking,F
person08_walking_d3,person08_walking_d3_uncomp.avi,person08_walking_d3_s0_walking_flip.avi,0,1,85,walking,T
person08_walking_d3,person08_walking_d3_uncomp.avi,person08_empty_d3_s0_walking_original.avi,1,86,179,empty,F
person08_walking_d3,person08_walking_d3_uncomp.avi,person08_empty_d3_s0_walking_flip.avi,1,86,179,empty,T
person08_walking_d3,person08_walking_d3_uncomp.avi,person08_walking_d3_s1_walking_original.avi,2,180,255,walking,F
person08_walking_d3,person08_walking_d3_uncomp.avi,person08_walking_d3_s1_walking_flip.avi,2,180,255,walking,T
person08_walking_d3,person08_walking_d3_uncomp.avi,person08_empty_d3_s1_walking_original.avi,3,256,339,empty,F
person08_walking_d3,person08_walking_d3_uncomp.avi,person08_empty_d3_s1_walking_flip.avi,3,256,339,empty,T
person08_walking_d3,person08_walking_d3_uncomp.avi,person08_walking_d3_s2_walking_original.avi,4,340,428,walking,F
person08_walking_d3,person08_walking_d3_uncomp.avi,person08_walking_d3_s2_walking_flip.avi,4,340,428,walking,T
person08_walking_d3,person08_walking_d3_uncomp.avi,person08_empty_d3_s2_walking_original.avi,5,429,501,empty,F
person08_walking_d3,person08_walking_d3_uncomp.avi,person08_empty_d3_s2_walking_flip.avi,5,429,501,empty,T
person08_walking_d3,person08_walking_d3_uncomp.avi,person08_walking_d3_s3_walking_original.avi,6,502,585,walking,F
person08_walking_d3,person08_walking_d3_uncomp.avi,person08_walking_d3_s3_walking_flip.avi,6,502,585,walking,T
person08_walking_d4,person08_walking_d4_uncomp.avi,person08_walking_d4_s0_walking_original.avi,0,1,132,walking,F
person08_walking_d4,person08_walking_d4_uncomp.avi,person08_walking_d4_s0_walking_flip.avi,0,1,132,walking,T
person08_walking_d4,person08_walking_d4_uncomp.avi,person08_empty_d4_s0_walking_original.avi,1,133,189,empty,F
person08_walking_d4,person08_walking_d4_uncomp.avi,person08_empty_d4_s0_walking_flip.avi,1,133,189,empty,T
person08_walking_d4,person08_walking_d4_uncomp.avi,person08_walking_d4_s1_walking_original.avi,2,190,308,walking,F
person08_walking_d4,person08_walking_d4_uncomp.avi,person08_walking_d4_s1_walking_flip.avi,2,190,308,walking,T
person08_walking_d4,person08_walking_d4_uncomp.avi,person08_empty_d4_s1_walking_original.avi,3,309,337,empty,F
person08_walking_d4,person08_walking_d4_uncomp.avi,person08_empty_d4_s1_walking_flip.avi,3,309,337,empty,T
person08_walking_d4,person08_walking_d4_uncomp.avi,person08_walking_d4_s2_walking_original.avi,4,338,448,walking,F
person08_walking_d4,person08_walking_d4_uncomp.avi,person08_walking_d4_s2_walking_flip.avi,4,338,448,walking,T
person08_walking_d4,person08_walking_d4_uncomp.avi,person08_empty_d4_s2_walking_original.avi,5,449,499,empty,F
person08_walking_d4,person08_walking_d4_uncomp.avi,person08_empty_d4_s2_walking_flip.avi,5,449,499,empty,T
person08_walking_d4,person08_walking_d4_uncomp.avi,person08_walking_d4_s3_walking_original.avi,6,500,625,walking,F
person08_walking_d4,person08_walking_d4_uncomp.avi,person08_walking_d4_s3_walking_flip.avi,6,500,625,walking,T
person09_boxing_d1,person09_boxing_d1_uncomp.avi,person09_boxing_d1_s0_boxing_original.avi,0,1,120,boxing,F
person09_boxing_d1,person09_boxing_d1_uncomp.avi,person09_boxing_d1_s0_boxing_flip.avi,0,1,120,boxing,T
person09_boxing_d1,person09_boxing_d1_uncomp.avi,person09_boxing_d1_s1_boxing_original.avi,1,121,218,boxing,F
person09_boxing_d1,person09_boxing_d1_uncomp.avi,person09_boxing_d1_s1_boxing_flip.avi,1,121,218,boxing,T
person09_boxing_d1,person09_boxing_d1_uncomp.avi,person09_boxing_d1_s2_boxing_original.avi,2,219,312,boxing,F
person09_boxing_d1,person09_boxing_d1_uncomp.avi,person09_boxing_d1_s2_boxing_flip.avi,2,219,312,boxing,T
person09_boxing_d1,person09_boxing_d1_uncomp.avi,person09_boxing_d1_s3_boxing_original.avi,3,313,448,boxing,F
person09_boxing_d1,person09_boxing_d1_uncomp.avi,person09_boxing_d1_s3_boxing_flip.avi,3,313,448,boxing,T
person09_boxing_d2,person09_boxing_d2_uncomp.avi,person09_boxing_d2_s0_boxing_original.avi,0,1,128,boxing,F
person09_boxing_d2,person09_boxing_d2_uncomp.avi,person09_boxing_d2_s0_boxing_flip.avi,0,1,128,boxing,T
person09_boxing_d2,person09_boxing_d2_uncomp.avi,person09_boxing_d2_s1_boxing_original.avi,1,129,205,boxing,F
person09_boxing_d2,person09_boxing_d2_uncomp.avi,person09_boxing_d2_s1_boxing_flip.avi,1,129,205,boxing,T
person09_boxing_d2,person09_boxing_d2_uncomp.avi,person09_boxing_d2_s2_boxing_original.avi,2,206,330,boxing,F
person09_boxing_d2,person09_boxing_d2_uncomp.avi,person09_boxing_d2_s2_boxing_flip.avi,2,206,330,boxing,T
person09_boxing_d2,person09_boxing_d2_uncomp.avi,person09_boxing_d2_s3_boxing_original.avi,3,331,432,boxing,F
person09_boxing_d2,person09_boxing_d2_uncomp.avi,person09_boxing_d2_s3_boxing_flip.avi,3,331,432,boxing,T
person09_boxing_d3,person09_boxing_d3_uncomp.avi,person09_boxing_d3_s0_boxing_original.avi,0,1,118,boxing,F
person09_boxing_d3,person09_boxing_d3_uncomp.avi,person09_boxing_d3_s0_boxing_flip.avi,0,1,118,boxing,T
person09_boxing_d3,person09_boxing_d3_uncomp.avi,person09_boxing_d3_s1_boxing_original.avi,1,119,190,boxing,F
person09_boxing_d3,person09_boxing_d3_uncomp.avi,person09_boxing_d3_s1_boxing_flip.avi,1,119,190,boxing,T
person09_boxing_d3,person09_boxing_d3_uncomp.avi,person09_boxing_d3_s2_boxing_original.avi,2,191,288,boxing,F
person09_boxing_d3,person09_boxing_d3_uncomp.avi,person09_boxing_d3_s2_boxing_flip.avi,2,191,288,boxing,T
person09_boxing_d3,person09_boxing_d3_uncomp.avi,person09_boxing_d3_s3_boxing_original.avi,3,289,418,boxing,F
person09_boxing_d3,person09_boxing_d3_uncomp.avi,person09_boxing_d3_s3_boxing_flip.avi,3,289,418,boxing,T
person09_boxing_d4,person09_boxing_d4_uncomp.avi,person09_boxing_d4_s0_boxing_original.avi,0,1,118,boxing,F
person09_boxing_d4,person09_boxing_d4_uncomp.avi,person09_boxing_d4_s0_boxing_flip.avi,0,1,118,boxing,T
person09_boxing_d4,person09_boxing_d4_uncomp.avi,person09_boxing_d4_s1_boxing_original.avi,1,119,218,boxing,F
person09_boxing_d4,person09_boxing_d4_uncomp.avi,person09_boxing_d4_s1_boxing_flip.avi,1,119,218,boxing,T
person09_boxing_d4,person09_boxing_d4_uncomp.avi,person09_boxing_d4_s2_boxing_original.avi,2,219,290,boxing,F
person09_boxing_d4,person09_boxing_d4_uncomp.avi,person09_boxing_d4_s2_boxing_flip.avi,2,219,290,boxing,T
person09_boxing_d4,person09_boxing_d4_uncomp.avi,person09_boxing_d4_s3_boxing_original.avi,3,291,415,boxing,F
person09_boxing_d4,person09_boxing_d4_uncomp.avi,person09_boxing_d4_s3_boxing_flip.avi,3,291,415,boxing,T
person09_handclapping_d1,person09_handclapping_d1_uncomp.avi,person09_handclapping_d1_s0_handclapping_original.avi,0,1,92,handclapping,F
person09_handclapping_d1,person09_handclapping_d1_uncomp.avi,person09_handclapping_d1_s0_handclapping_flip.avi,0,1,92,handclapping,T
person09_handclapping_d1,person09_handclapping_d1_uncomp.avi,person09_handclapping_d1_s1_handclapping_original.avi,1,93,188,handclapping,F
person09_handclapping_d1,person09_handclapping_d1_uncomp.avi,person09_handclapping_d1_s1_handclapping_flip.avi,1,93,188,handclapping,T
person09_handclapping_d1,person09_handclapping_d1_uncomp.avi,person09_handclapping_d1_s2_handclapping_original.avi,2,189,308,handclapping,F
person09_handclapping_d1,person09_handclapping_d1_uncomp.avi,person09_handclapping_d1_s2_handclapping_flip.avi,2,189,308,handclapping,T
person09_handclapping_d1,person09_handclapping_d1_uncomp.avi,person09_handclapping_d1_s3_handclapping_original.avi,3,309,382,handclapping,F
person09_handclapping_d1,person09_handclapping_d1_uncomp.avi,person09_handclapping_d1_s3_handclapping_flip.avi,3,309,382,handclapping,T
person09_handclapping_d2,person09_handclapping_d2_uncomp.avi,person09_handclapping_d2_s0_handclapping_original.avi,0,1,90,handclapping,F
person09_handclapping_d2,person09_handclapping_d2_uncomp.avi,person09_handclapping_d2_s0_handclapping_flip.avi,0,1,90,handclapping,T
person09_handclapping_d2,person09_handclapping_d2_uncomp.avi,person09_handclapping_d2_s1_handclapping_original.avi,1,91,161,handclapping,F
person09_handclapping_d2,person09_handclapping_d2_uncomp.avi,person09_handclapping_d2_s1_handclapping_flip.avi,1,91,161,handclapping,T
person09_handclapping_d2,person09_handclapping_d2_uncomp.avi,person09_handclapping_d2_s2_handclapping_original.avi,2,162,232,handclapping,F
person09_handclapping_d2,person09_handclapping_d2_uncomp.avi,person09_handclapping_d2_s2_handclapping_flip.avi,2,162,232,handclapping,T
person09_handclapping_d2,person09_handclapping_d2_uncomp.avi,person09_handclapping_d2_s3_handclapping_original.avi,3,233,358,handclapping,F
person09_handclapping_d2,person09_handclapping_d2_uncomp.avi,person09_handclapping_d2_s3_handclapping_flip.avi,3,233,358,handclapping,T
person09_handclapping_d3,person09_handclapping_d3_uncomp.avi,person09_handclapping_d3_s0_handclapping_original.avi,0,1,85,handclapping,F
person09_handclapping_d3,person09_handclapping_d3_uncomp.avi,person09_handclapping_d3_s0_handclapping_flip.avi,0,1,85,handclapping,T
person09_handclapping_d3,person09_handclapping_d3_uncomp.avi,person09_handclapping_d3_s1_handclapping_original.avi,1,86,195,handclapping,F
person09_handclapping_d3,person09_handclapping_d3_uncomp.avi,person09_handclapping_d3_s1_handclapping_flip.avi,1,86,195,handclapping,T
person09_handclapping_d3,person09_handclapping_d3_uncomp.avi,person09_handclapping_d3_s2_handclapping_original.avi,2,196,264,handclapping,F
person09_handclapping_d3,person09_handclapping_d3_uncomp.avi,person09_handclapping_d3_s2_handclapping_flip.avi,2,196,264,handclapping,T
person09_handclapping_d3,person09_handclapping_d3_uncomp.avi,person09_handclapping_d3_s3_handclapping_original.avi,3,265,356,handclapping,F
person09_handclapping_d3,person09_handclapping_d3_uncomp.avi,person09_handclapping_d3_s3_handclapping_flip.avi,3,265,356,handclapping,T
person09_handclapping_d4,person09_handclapping_d4_uncomp.avi,person09_handclapping_d4_s0_handclapping_original.avi,0,1,90,handclapping,F
person09_handclapping_d4,person09_handclapping_d4_uncomp.avi,person09_handclapping_d4_s0_handclapping_flip.avi,0,1,90,handclapping,T
person09_handclapping_d4,person09_handclapping_d4_uncomp.avi,person09_handclapping_d4_s1_handclapping_original.avi,1,91,178,handclapping,F
person09_handclapping_d4,person09_handclapping_d4_uncomp.avi,person09_handclapping_d4_s1_handclapping_flip.avi,1,91,178,handclapping,T
person09_handclapping_d4,person09_handclapping_d4_uncomp.avi,person09_handclapping_d4_s2_handclapping_original.avi,2,179,296,handclapping,F
person09_handclapping_d4,person09_handclapping_d4_uncomp.avi,person09_handclapping_d4_s2_handclapping_flip.avi,2,179,296,handclapping,T
person09_handclapping_d4,person09_handclapping_d4_uncomp.avi,person09_handclapping_d4_s3_handclapping_original.avi,3,297,390,handclapping,F
person09_handclapping_d4,person09_handclapping_d4_uncomp.avi,person09_handclapping_d4_s3_handclapping_flip.avi,3,297,390,handclapping,T
person09_handwaving_d1,person09_handwaving_d1_uncomp.avi,person09_handwaving_d1_s0_handwaving_original.avi,0,1,108,handwaving,F
person09_handwaving_d1,person09_handwaving_d1_uncomp.avi,person09_handwaving_d1_s0_handwaving_flip.avi,0,1,108,handwaving,T
person09_handwaving_d1,person09_handwaving_d1_uncomp.avi,person09_handwaving_d1_s1_handwaving_original.avi,1,109,222,handwaving,F
person09_handwaving_d1,person09_handwaving_d1_uncomp.avi,person09_handwaving_d1_s1_handwaving_flip.avi,1,109,222,handwaving,T
person09_handwaving_d1,person09_handwaving_d1_uncomp.avi,person09_handwaving_d1_s2_handwaving_original.avi,2,223,372,handwaving,F
person09_handwaving_d1,person09_handwaving_d1_uncomp.avi,person09_handwaving_d1_s2_handwaving_flip.avi,2,223,372,handwaving,T
person09_handwaving_d1,person09_handwaving_d1_uncomp.avi,person09_handwaving_d1_s3_handwaving_original.avi,3,373,450,handwaving,F
person09_handwaving_d1,person09_handwaving_d1_uncomp.avi,person09_handwaving_d1_s3_handwaving_flip.avi,3,373,450,handwaving,T
person09_handwaving_d2,person09_handwaving_d2_uncomp.avi,person09_handwaving_d2_s0_handwaving_original.avi,0,1,108,handwaving,F
person09_handwaving_d2,person09_handwaving_d2_uncomp.avi,person09_handwaving_d2_s0_handwaving_flip.avi,0,1,108,handwaving,T
person09_handwaving_d2,person09_handwaving_d2_uncomp.avi,person09_handwaving_d2_s1_handwaving_original.avi,1,109,238,handwaving,F
person09_handwaving_d2,person09_handwaving_d2_uncomp.avi,person09_handwaving_d2_s1_handwaving_flip.avi,1,109,238,handwaving,T
person09_handwaving_d2,person09_handwaving_d2_uncomp.avi,person09_handwaving_d2_s2_handwaving_original.avi,2,239,340,handwaving,F
person09_handwaving_d2,person09_handwaving_d2_uncomp.avi,person09_handwaving_d2_s2_handwaving_flip.avi,2,239,340,handwaving,T
person09_handwaving_d2,person09_handwaving_d2_uncomp.avi,person09_handwaving_d2_s3_handwaving_original.avi,3,341,446,handwaving,F
person09_handwaving_d2,person09_handwaving_d2_uncomp.avi,person09_handwaving_d2_s3_handwaving_flip.avi,3,341,446,handwaving,T
person09_handwaving_d3,person09_handwaving_d3_uncomp.avi,person09_handwaving_d3_s0_handwaving_original.avi,0,1,92,handwaving,F
person09_handwaving_d3,person09_handwaving_d3_uncomp.avi,person09_handwaving_d3_s0_handwaving_flip.avi,0,1,92,handwaving,T
person09_handwaving_d3,person09_handwaving_d3_uncomp.avi,person09_handwaving_d3_s1_handwaving_original.avi,1,93,188,handwaving,F
person09_handwaving_d3,person09_handwaving_d3_uncomp.avi,person09_handwaving_d3_s1_handwaving_flip.avi,1,93,188,handwaving,T
person09_handwaving_d3,person09_handwaving_d3_uncomp.avi,person09_handwaving_d3_s2_handwaving_original.avi,2,189,312,handwaving,F
person09_handwaving_d3,person09_handwaving_d3_uncomp.avi,person09_handwaving_d3_s2_handwaving_flip.avi,2,189,312,handwaving,T
person09_handwaving_d3,person09_handwaving_d3_uncomp.avi,person09_handwaving_d3_s3_handwaving_original.avi,3,313,408,handwaving,F
person09_handwaving_d3,person09_handwaving_d3_uncomp.avi,person09_handwaving_d3_s3_handwaving_flip.avi,3,313,408,handwaving,T
person09_handwaving_d4,person09_handwaving_d4_uncomp.avi,person09_handwaving_d4_s0_handwaving_original.avi,0,1,97,handwaving,F
person09_handwaving_d4,person09_handwaving_d4_uncomp.avi,person09_handwaving_d4_s0_handwaving_flip.avi,0,1,97,handwaving,T
person09_handwaving_d4,person09_handwaving_d4_uncomp.avi,person09_handwaving_d4_s1_handwaving_original.avi,1,98,202,handwaving,F
person09_handwaving_d4,person09_handwaving_d4_uncomp.avi,person09_handwaving_d4_s1_handwaving_flip.avi,1,98,202,handwaving,T
person09_handwaving_d4,person09_handwaving_d4_uncomp.avi,person09_handwaving_d4_s2_handwaving_original.avi,2,203,270,handwaving,F
person09_handwaving_d4,person09_handwaving_d4_uncomp.avi,person09_handwaving_d4_s2_handwaving_flip.avi,2,203,270,handwaving,T
person09_handwaving_d4,person09_handwaving_d4_uncomp.avi,person09_handwaving_d4_s3_handwaving_original.avi,3,271,405,handwaving,F
person09_handwaving_d4,person09_handwaving_d4_uncomp.avi,person09_handwaving_d4_s3_handwaving_flip.avi,3,271,405,handwaving,T
person09_jogging_d1,person09_jogging_d1_uncomp.avi,person09_jogging_d1_s0_jogging_original.avi,0,1,50,jogging,F
person09_jogging_d1,person09_jogging_d1_uncomp.avi,person09_jogging_d1_s0_jogging_flip.avi,0,1,50,jogging,T
person09_jogging_d1,person09_jogging_d1_uncomp.avi,person09_empty_d1_s0_jogging_original.avi,1,51,143,empty,F
person09_jogging_d1,person09_jogging_d1_uncomp.avi,person09_empty_d1_s0_jogging_flip.avi,1,51,143,empty,T
person09_jogging_d1,person09_jogging_d1_uncomp.avi,person09_jogging_d1_s1_jogging_original.avi,2,144,192,jogging,F
person09_jogging_d1,person09_jogging_d1_uncomp.avi,person09_jogging_d1_s1_jogging_flip.avi,2,144,192,jogging,T
person09_jogging_d1,person09_jogging_d1_uncomp.avi,person09_empty_d1_s1_jogging_original.avi,3,193,271,empty,F
person09_jogging_d1,person09_jogging_d1_uncomp.avi,person09_empty_d1_s1_jogging_flip.avi,3,193,271,empty,T
person09_jogging_d1,person09_jogging_d1_uncomp.avi,person09_jogging_d1_s2_jogging_original.avi,4,272,315,jogging,F
person09_jogging_d1,person09_jogging_d1_uncomp.avi,person09_jogging_d1_s2_jogging_flip.avi,4,272,315,jogging,T
person09_jogging_d1,person09_jogging_d1_uncomp.avi,person09_empty_d1_s2_jogging_original.avi,5,316,411,empty,F
person09_jogging_d1,person09_jogging_d1_uncomp.avi,person09_empty_d1_s2_jogging_flip.avi,5,316,411,empty,T
person09_jogging_d1,person09_jogging_d1_uncomp.avi,person09_jogging_d1_s3_jogging_original.avi,6,412,465,jogging,F
person09_jogging_d1,person09_jogging_d1_uncomp.avi,person09_jogging_d1_s3_jogging_flip.avi,6,412,465,jogging,T
person09_jogging_d2,person09_jogging_d2_uncomp.avi,person09_jogging_d2_s0_jogging_original.avi,0,1,85,jogging,F
person09_jogging_d2,person09_jogging_d2_uncomp.avi,person09_jogging_d2_s0_jogging_flip.avi,0,1,85,jogging,T
person09_jogging_d2,person09_jogging_d2_uncomp.avi,person09_empty_d2_s0_jogging_original.avi,1,86,175,empty,F
person09_jogging_d2,person09_jogging_d2_uncomp.avi,person09_empty_d2_s0_jogging_flip.avi,1,86,175,empty,T
person09_jogging_d2,person09_jogging_d2_uncomp.avi,person09_jogging_d2_s1_jogging_original.avi,2,176,256,jogging,F
person09_jogging_d2,person09_jogging_d2_uncomp.avi,person09_jogging_d2_s1_jogging_flip.avi,2,176,256,jogging,T
person09_jogging_d2,person09_jogging_d2_uncomp.avi,person09_empty_d2_s1_jogging_original.avi,3,257,293,empty,F
person09_jogging_d2,person09_jogging_d2_uncomp.avi,person09_empty_d2_s1_jogging_flip.avi,3,257,293,empty,T
person09_jogging_d2,person09_jogging_d2_uncomp.avi,person09_jogging_d2_s2_jogging_original.avi,4,294,368,jogging,F
person09_jogging_d2,person09_jogging_d2_uncomp.avi,person09_jogging_d2_s2_jogging_flip.avi,4,294,368,jogging,T
person09_jogging_d2,person09_jogging_d2_uncomp.avi,person09_empty_d2_s2_jogging_original.avi,5,369,459,empty,F
person09_jogging_d2,person09_jogging_d2_uncomp.avi,person09_empty_d2_s2_jogging_flip.avi,5,369,459,empty,T
person09_jogging_d2,person09_jogging_d2_uncomp.avi,person09_jogging_d2_s3_jogging_original.avi,6,460,540,jogging,F
person09_jogging_d2,person09_jogging_d2_uncomp.avi,person09_jogging_d2_s3_jogging_flip.avi,6,460,540,jogging,T
person09_jogging_d3,person09_jogging_d3_uncomp.avi,person09_jogging_d3_s0_jogging_original.avi,0,1,50,jogging,F
person09_jogging_d3,person09_jogging_d3_uncomp.avi,person09_jogging_d3_s0_jogging_flip.avi,0,1,50,jogging,T
person09_jogging_d3,person09_jogging_d3_uncomp.avi,person09_empty_d3_s0_jogging_original.avi,1,51,135,empty,F
person09_jogging_d3,person09_jogging_d3_uncomp.avi,person09_empty_d3_s0_jogging_flip.avi,1,51,135,empty,T
person09_jogging_d3,person09_jogging_d3_uncomp.avi,person09_jogging_d3_s1_jogging_original.avi,2,136,180,jogging,F
person09_jogging_d3,person09_jogging_d3_uncomp.avi,person09_jogging_d3_s1_jogging_flip.avi,2,136,180,jogging,T
person09_jogging_d3,person09_jogging_d3_uncomp.avi,person09_empty_d3_s1_jogging_original.avi,3,181,265,empty,F
person09_jogging_d3,person09_jogging_d3_uncomp.avi,person09_empty_d3_s1_jogging_flip.avi,3,181,265,empty,T
person09_jogging_d3,person09_jogging_d3_uncomp.avi,person09_jogging_d3_s2_jogging_original.avi,4,266,312,jogging,F
person09_jogging_d3,person09_jogging_d3_uncomp.avi,person09_jogging_d3_s2_jogging_flip.avi,4,266,312,jogging,T
person09_jogging_d3,person09_jogging_d3_uncomp.avi,person09_empty_d3_s2_jogging_original.avi,5,313,395,empty,F
person09_jogging_d3,person09_jogging_d3_uncomp.avi,person09_empty_d3_s2_jogging_flip.avi,5,313,395,empty,T
person09_jogging_d3,person09_jogging_d3_uncomp.avi,person09_jogging_d3_s3_jogging_original.avi,6,396,440,jogging,F
person09_jogging_d3,person09_jogging_d3_uncomp.avi,person09_jogging_d3_s3_jogging_flip.avi,6,396,440,jogging,T
person09_jogging_d4,person09_jogging_d4_uncomp.avi,person09_jogging_d4_s0_jogging_original.avi,0,1,80,jogging,F
person09_jogging_d4,person09_jogging_d4_uncomp.avi,person09_jogging_d4_s0_jogging_flip.avi,0,1,80,jogging,T
person09_jogging_d4,person09_jogging_d4_uncomp.avi,person09_empty_d4_s0_jogging_original.avi,1,81,109,empty,F
person09_jogging_d4,person09_jogging_d4_uncomp.avi,person09_empty_d4_s0_jogging_flip.avi,1,81,109,empty,T
person09_jogging_d4,person09_jogging_d4_uncomp.avi,person09_jogging_d4_s1_jogging_original.avi,2,110,184,jogging,F
person09_jogging_d4,person09_jogging_d4_uncomp.avi,person09_jogging_d4_s1_jogging_flip.avi,2,110,184,jogging,T
person09_jogging_d4,person09_jogging_d4_uncomp.avi,person09_empty_d4_s1_jogging_original.avi,3,185,185,empty,F
person09_jogging_d4,person09_jogging_d4_uncomp.avi,person09_empty_d4_s1_jogging_flip.avi,3,185,185,empty,T
person09_jogging_d4,person09_jogging_d4_uncomp.avi,person09_jogging_d4_s2_jogging_original.avi,4,186,248,jogging,F
person09_jogging_d4,person09_jogging_d4_uncomp.avi,person09_jogging_d4_s2_jogging_flip.avi,4,186,248,jogging,T
person09_jogging_d4,person09_jogging_d4_uncomp.avi,person09_empty_d4_s2_jogging_original.avi,5,249,285,empty,F
person09_jogging_d4,person09_jogging_d4_uncomp.avi,person09_empty_d4_s2_jogging_flip.avi,5,249,285,empty,T
person09_jogging_d4,person09_jogging_d4_uncomp.avi,person09_jogging_d4_s3_jogging_original.avi,6,286,350,jogging,F
person09_jogging_d4,person09_jogging_d4_uncomp.avi,person09_jogging_d4_s3_jogging_flip.avi,6,286,350,jogging,T
person09_running_d1,person09_running_d1_uncomp.avi,person09_running_d1_s0_running_original.avi,0,1,36,running,F
person09_running_d1,person09_running_d1_uncomp.avi,person09_running_d1_s0_running_flip.avi,0,1,36,running,T
person09_running_d1,person09_running_d1_uncomp.avi,person09_empty_d1_s0_running_original.avi,1,37,99,empty,F
person09_running_d1,person09_running_d1_uncomp.avi,person09_empty_d1_s0_running_flip.avi,1,37,99,empty,T
person09_running_d1,person09_running_d1_uncomp.avi,person09_running_d1_s1_running_original.avi,2,100,134,running,F
person09_running_d1,person09_running_d1_uncomp.avi,person09_running_d1_s1_running_flip.avi,2,100,134,running,T
person09_running_d1,person09_running_d1_uncomp.avi,person09_empty_d1_s1_running_original.avi,3,135,189,empty,F
person09_running_d1,person09_running_d1_uncomp.avi,person09_empty_d1_s1_running_flip.avi,3,135,189,empty,T
person09_running_d1,person09_running_d1_uncomp.avi,person09_running_d1_s2_running_original.avi,4,190,225,running,F
person09_running_d1,person09_running_d1_uncomp.avi,person09_running_d1_s2_running_flip.avi,4,190,225,running,T
person09_running_d1,person09_running_d1_uncomp.avi,person09_empty_d1_s2_running_original.avi,5,226,289,empty,F
person09_running_d1,person09_running_d1_uncomp.avi,person09_empty_d1_s2_running_flip.avi,5,226,289,empty,T
person09_running_d1,person09_running_d1_uncomp.avi,person09_running_d1_s3_running_original.avi,6,290,325,running,F
person09_running_d1,person09_running_d1_uncomp.avi,person09_running_d1_s3_running_flip.avi,6,290,325,running,T
person09_running_d2,person09_running_d2_uncomp.avi,person09_running_d2_s0_running_original.avi,0,1,54,running,F
person09_running_d2,person09_running_d2_uncomp.avi,person09_running_d2_s0_running_flip.avi,0,1,54,running,T
person09_running_d2,person09_running_d2_uncomp.avi,person09_empty_d2_s0_running_original.avi,1,55,111,empty,F
person09_running_d2,person09_running_d2_uncomp.avi,person09_empty_d2_s0_running_flip.avi,1,55,111,empty,T
person09_running_d2,person09_running_d2_uncomp.avi,person09_running_d2_s1_running_original.avi,2,112,170,running,F
person09_running_d2,person09_running_d2_uncomp.avi,person09_running_d2_s1_running_flip.avi,2,112,170,running,T
person09_running_d2,person09_running_d2_uncomp.avi,person09_empty_d2_s1_running_original.avi,3,171,191,empty,F
person09_running_d2,person09_running_d2_uncomp.avi,person09_empty_d2_s1_running_flip.avi,3,171,191,empty,T
person09_running_d2,person09_running_d2_uncomp.avi,person09_running_d2_s2_running_original.avi,4,192,250,running,F
person09_running_d2,person09_running_d2_uncomp.avi,person09_running_d2_s2_running_flip.avi,4,192,250,running,T
person09_running_d2,person09_running_d2_uncomp.avi,person09_empty_d2_s2_running_original.avi,5,251,315,empty,F
person09_running_d2,person09_running_d2_uncomp.avi,person09_empty_d2_s2_running_flip.avi,5,251,315,empty,T
person09_running_d2,person09_running_d2_uncomp.avi,person09_running_d2_s3_running_original.avi,6,316,370,running,F
person09_running_d2,person09_running_d2_uncomp.avi,person09_running_d2_s3_running_flip.avi,6,316,370,running,T
person09_running_d3,person09_running_d3_uncomp.avi,person09_running_d3_s0_running_original.avi,0,1,36,running,F
person09_running_d3,person09_running_d3_uncomp.avi,person09_running_d3_s0_running_flip.avi,0,1,36,running,T
person09_running_d3,person09_running_d3_uncomp.avi,person09_empty_d3_s0_running_original.avi,1,37,97,empty,F
person09_running_d3,person09_running_d3_uncomp.avi,person09_empty_d3_s0_running_flip.avi,1,37,97,empty,T
person09_running_d3,person09_running_d3_uncomp.avi,person09_running_d3_s1_running_original.avi,2,98,130,running,F
person09_running_d3,person09_running_d3_uncomp.avi,person09_running_d3_s1_running_flip.avi,2,98,130,running,T
person09_running_d3,person09_running_d3_uncomp.avi,person09_empty_d3_s1_running_original.avi,3,131,193,empty,F
person09_running_d3,person09_running_d3_uncomp.avi,person09_empty_d3_s1_running_flip.avi,3,131,193,empty,T
person09_running_d3,person09_running_d3_uncomp.avi,person09_running_d3_s2_running_original.avi,4,194,230,running,F
person09_running_d3,person09_running_d3_uncomp.avi,person09_running_d3_s2_running_flip.avi,4,194,230,running,T
person09_running_d3,person09_running_d3_uncomp.avi,person09_empty_d3_s2_running_original.avi,5,231,289,empty,F
person09_running_d3,person09_running_d3_uncomp.avi,person09_empty_d3_s2_running_flip.avi,5,231,289,empty,T
person09_running_d3,person09_running_d3_uncomp.avi,person09_running_d3_s3_running_original.avi,6,290,325,running,F
person09_running_d3,person09_running_d3_uncomp.avi,person09_running_d3_s3_running_flip.avi,6,290,325,running,T
person09_running_d4,person09_running_d4_uncomp.avi,person09_running_d4_s0_running_original.avi,0,1,55,running,F
person09_running_d4,person09_running_d4_uncomp.avi,person09_running_d4_s0_running_flip.avi,0,1,55,running,T
person09_running_d4,person09_running_d4_uncomp.avi,person09_empty_d4_s0_running_original.avi,1,56,74,empty,F
person09_running_d4,person09_running_d4_uncomp.avi,person09_empty_d4_s0_running_flip.avi,1,56,74,empty,T
person09_running_d4,person09_running_d4_uncomp.avi,person09_running_d4_s1_running_original.avi,2,75,125,running,F
person09_running_d4,person09_running_d4_uncomp.avi,person09_running_d4_s1_running_flip.avi,2,75,125,running,T
person09_running_d4,person09_running_d4_uncomp.avi,person09_empty_d4_s1_running_original.avi,3,126,127,empty,F
person09_running_d4,person09_running_d4_uncomp.avi,person09_empty_d4_s1_running_flip.avi,3,126,127,empty,T
person09_running_d4,person09_running_d4_uncomp.avi,person09_running_d4_s2_running_original.avi,4,128,180,running,F
person09_running_d4,person09_running_d4_uncomp.avi,person09_running_d4_s2_running_flip.avi,4,128,180,running,T
person09_running_d4,person09_running_d4_uncomp.avi,person09_empty_d4_s2_running_original.avi,5,181,204,empty,F
person09_running_d4,person09_running_d4_uncomp.avi,person09_empty_d4_s2_running_flip.avi,5,181,204,empty,T
person09_running_d4,person09_running_d4_uncomp.avi,person09_running_d4_s3_running_original.avi,6,205,256,running,F
person09_running_d4,person09_running_d4_uncomp.avi,person09_running_d4_s3_running_flip.avi,6,205,256,running,T
person09_walking_d1,person09_walking_d1_uncomp.avi,person09_walking_d1_s0_walking_original.avi,0,1,65,walking,F
person09_walking_d1,person09_walking_d1_uncomp.avi,person09_walking_d1_s0_walking_flip.avi,0,1,65,walking,T
person09_walking_d1,person09_walking_d1_uncomp.avi,person09_empty_d1_s0_walking_original.avi,1,66,207,empty,F
person09_walking_d1,person09_walking_d1_uncomp.avi,person09_empty_d1_s0_walking_flip.avi,1,66,207,empty,T
person09_walking_d1,person09_walking_d1_uncomp.avi,person09_walking_d1_s1_walking_original.avi,2,208,275,walking,F
person09_walking_d1,person09_walking_d1_uncomp.avi,person09_walking_d1_s1_walking_flip.avi,2,208,275,walking,T
person09_walking_d1,person09_walking_d1_uncomp.avi,person09_empty_d1_s1_walking_original.avi,3,276,389,empty,F
person09_walking_d1,person09_walking_d1_uncomp.avi,person09_empty_d1_s1_walking_flip.avi,3,276,389,empty,T
person09_walking_d1,person09_walking_d1_uncomp.avi,person09_walking_d1_s2_walking_original.avi,4,390,460,walking,F
person09_walking_d1,person09_walking_d1_uncomp.avi,person09_walking_d1_s2_walking_flip.avi,4,390,460,walking,T
person09_walking_d1,person09_walking_d1_uncomp.avi,person09_empty_d1_s2_walking_original.avi,5,461,617,empty,F
person09_walking_d1,person09_walking_d1_uncomp.avi,person09_empty_d1_s2_walking_flip.avi,5,461,617,empty,T
person09_walking_d1,person09_walking_d1_uncomp.avi,person09_walking_d1_s3_walking_original.avi,6,618,685,walking,F
person09_walking_d1,person09_walking_d1_uncomp.avi,person09_walking_d1_s3_walking_flip.avi,6,618,685,walking,T
person09_walking_d2,person09_walking_d2_uncomp.avi,person09_walking_d2_s0_walking_original.avi,0,1,106,walking,F
person09_walking_d2,person09_walking_d2_uncomp.avi,person09_walking_d2_s0_walking_flip.avi,0,1,106,walking,T
person09_walking_d2,person09_walking_d2_uncomp.avi,person09_empty_d2_s0_walking_original.avi,1,107,249,empty,F
person09_walking_d2,person09_walking_d2_uncomp.avi,person09_empty_d2_s0_walking_flip.avi,1,107,249,empty,T
person09_walking_d2,person09_walking_d2_uncomp.avi,person09_walking_d2_s1_walking_original.avi,2,250,368,walking,F
person09_walking_d2,person09_walking_d2_uncomp.avi,person09_walking_d2_s1_walking_flip.avi,2,250,368,walking,T
person09_walking_d2,person09_walking_d2_uncomp.avi,person09_empty_d2_s1_walking_original.avi,3,369,424,empty,F
person09_walking_d2,person09_walking_d2_uncomp.avi,person09_empty_d2_s1_walking_flip.avi,3,369,424,empty,T
person09_walking_d2,person09_walking_d2_uncomp.avi,person09_walking_d2_s2_walking_original.avi,4,425,544,walking,F
person09_walking_d2,person09_walking_d2_uncomp.avi,person09_walking_d2_s2_walking_flip.avi,4,425,544,walking,T
person09_walking_d2,person09_walking_d2_uncomp.avi,person09_empty_d2_s2_walking_original.avi,5,545,685,empty,F
person09_walking_d2,person09_walking_d2_uncomp.avi,person09_empty_d2_s2_walking_flip.avi,5,545,685,empty,T
person09_walking_d2,person09_walking_d2_uncomp.avi,person09_walking_d2_s3_walking_original.avi,6,686,805,walking,F
person09_walking_d2,person09_walking_d2_uncomp.avi,person09_walking_d2_s3_walking_flip.avi,6,686,805,walking,T
person09_walking_d3,person09_walking_d3_uncomp.avi,person09_walking_d3_s0_walking_original.avi,0,1,64,walking,F
person09_walking_d3,person09_walking_d3_uncomp.avi,person09_walking_d3_s0_walking_flip.avi,0,1,64,walking,T
person09_walking_d3,person09_walking_d3_uncomp.avi,person09_empty_d3_s0_walking_original.avi,1,65,194,empty,F
person09_walking_d3,person09_walking_d3_uncomp.avi,person09_empty_d3_s0_walking_flip.avi,1,65,194,empty,T
person09_walking_d3,person09_walking_d3_uncomp.avi,person09_walking_d3_s1_walking_original.avi,2,195,256,walking,F
person09_walking_d3,person09_walking_d3_uncomp.avi,person09_walking_d3_s1_walking_flip.avi,2,195,256,walking,T
person09_walking_d3,person09_walking_d3_uncomp.avi,person09_empty_d3_s1_walking_original.avi,3,257,374,empty,F
person09_walking_d3,person09_walking_d3_uncomp.avi,person09_empty_d3_s1_walking_flip.avi,3,257,374,empty,T
person09_walking_d3,person09_walking_d3_uncomp.avi,person09_walking_d3_s2_walking_original.avi,4,375,442,walking,F
person09_walking_d3,person09_walking_d3_uncomp.avi,person09_walking_d3_s2_walking_flip.avi,4,375,442,walking,T
person09_walking_d3,person09_walking_d3_uncomp.avi,person09_empty_d3_s2_walking_original.avi,5,443,575,empty,F
person09_walking_d3,person09_walking_d3_uncomp.avi,person09_empty_d3_s2_walking_flip.avi,5,443,575,empty,T
person09_walking_d3,person09_walking_d3_uncomp.avi,person09_walking_d3_s3_walking_original.avi,6,576,640,walking,F
person09_walking_d3,person09_walking_d3_uncomp.avi,person09_walking_d3_s3_walking_flip.avi,6,576,640,walking,T
person09_walking_d4,person09_walking_d4_uncomp.avi,person09_walking_d4_s0_walking_original.avi,0,1,90,walking,F
person09_walking_d4,person09_walking_d4_uncomp.avi,person09_walking_d4_s0_walking_flip.avi,0,1,90,walking,T
person09_walking_d4,person09_walking_d4_uncomp.avi,person09_empty_d4_s0_walking_original.avi,1,91,117,empty,F
person09_walking_d4,person09_walking_d4_uncomp.avi,person09_empty_d4_s0_walking_flip.avi,1,91,117,empty,T
person09_walking_d4,person09_walking_d4_uncomp.avi,person09_walking_d4_s1_walking_original.avi,2,118,208,walking,F
person09_walking_d4,person09_walking_d4_uncomp.avi,person09_walking_d4_s1_walking_flip.avi,2,118,208,walking,T
person09_walking_d4,person09_walking_d4_uncomp.avi,person09_empty_d4_s1_walking_original.avi,3,209,217,empty,F
person09_walking_d4,person09_walking_d4_uncomp.avi,person09_empty_d4_s1_walking_flip.avi,3,209,217,empty,T
person09_walking_d4,person09_walking_d4_uncomp.avi,person09_walking_d4_s2_walking_original.avi,4,218,302,walking,F
person09_walking_d4,person09_walking_d4_uncomp.avi,person09_walking_d4_s2_walking_flip.avi,4,218,302,walking,T
person09_walking_d4,person09_walking_d4_uncomp.avi,person09_empty_d4_s2_walking_original.avi,5,303,333,empty,F
person09_walking_d4,person09_walking_d4_uncomp.avi,person09_empty_d4_s2_walking_flip.avi,5,303,333,empty,T
person09_walking_d4,person09_walking_d4_uncomp.avi,person09_walking_d4_s3_walking_original.avi,6,334,422,walking,F
person09_walking_d4,person09_walking_d4_uncomp.avi,person09_walking_d4_s3_walking_flip.avi,6,334,422,walking,T
person10_boxing_d1,person10_boxing_d1_uncomp.avi,person10_boxing_d1_s0_boxing_original.avi,0,1,92,boxing,F
person10_boxing_d1,person10_boxing_d1_uncomp.avi,person10_boxing_d1_s0_boxing_flip.avi,0,1,92,boxing,T
person10_boxing_d1,person10_boxing_d1_uncomp.avi,person10_boxing_d1_s1_boxing_original.avi,1,93,188,boxing,F
person10_boxing_d1,person10_boxing_d1_uncomp.avi,person10_boxing_d1_s1_boxing_flip.avi,1,93,188,boxing,T
person10_boxing_d1,person10_boxing_d1_uncomp.avi,person10_boxing_d1_s2_boxing_original.avi,2,189,286,boxing,F
person10_boxing_d1,person10_boxing_d1_uncomp.avi,person10_boxing_d1_s2_boxing_flip.avi,2,189,286,boxing,T
person10_boxing_d1,person10_boxing_d1_uncomp.avi,person10_boxing_d1_s3_boxing_original.avi,3,287,422,boxing,F
person10_boxing_d1,person10_boxing_d1_uncomp.avi,person10_boxing_d1_s3_boxing_flip.avi,3,287,422,boxing,T
person10_boxing_d2,person10_boxing_d2_uncomp.avi,person10_boxing_d2_s0_boxing_original.avi,0,1,140,boxing,F
person10_boxing_d2,person10_boxing_d2_uncomp.avi,person10_boxing_d2_s0_boxing_flip.avi,0,1,140,boxing,T
person10_boxing_d2,person10_boxing_d2_uncomp.avi,person10_empty_d2_s0_boxing_original.avi,1,141,194,empty,F
person10_boxing_d2,person10_boxing_d2_uncomp.avi,person10_empty_d2_s0_boxing_flip.avi,1,141,194,empty,T
person10_boxing_d2,person10_boxing_d2_uncomp.avi,person10_boxing_d2_s1_boxing_original.avi,2,195,287,boxing,F
person10_boxing_d2,person10_boxing_d2_uncomp.avi,person10_boxing_d2_s1_boxing_flip.avi,2,195,287,boxing,T
person10_boxing_d2,person10_boxing_d2_uncomp.avi,person10_boxing_d2_s2_boxing_original.avi,3,288,398,boxing,F
person10_boxing_d2,person10_boxing_d2_uncomp.avi,person10_boxing_d2_s2_boxing_flip.avi,3,288,398,boxing,T
person10_boxing_d2,person10_boxing_d2_uncomp.avi,person10_empty_d2_s1_boxing_original.avi,4,399,428,empty,F
person10_boxing_d2,person10_boxing_d2_uncomp.avi,person10_empty_d2_s1_boxing_flip.avi,4,399,428,empty,T
person10_boxing_d2,person10_boxing_d2_uncomp.avi,person10_boxing_d2_s3_boxing_original.avi,5,429,530,boxing,F
person10_boxing_d2,person10_boxing_d2_uncomp.avi,person10_boxing_d2_s3_boxing_flip.avi,5,429,530,boxing,T
person10_boxing_d3,person10_boxing_d3_uncomp.avi,person10_boxing_d3_s0_boxing_original.avi,0,1,120,boxing,F
person10_boxing_d3,person10_boxing_d3_uncomp.avi,person10_boxing_d3_s0_boxing_flip.avi,0,1,120,boxing,T
person10_boxing_d3,person10_boxing_d3_uncomp.avi,person10_boxing_d3_s1_boxing_original.avi,1,121,244,boxing,F
person10_boxing_d3,person10_boxing_d3_uncomp.avi,person10_boxing_d3_s1_boxing_flip.avi,1,121,244,boxing,T
person10_boxing_d3,person10_boxing_d3_uncomp.avi,person10_boxing_d3_s2_boxing_original.avi,2,245,395,boxing,F
person10_boxing_d3,person10_boxing_d3_uncomp.avi,person10_boxing_d3_s2_boxing_flip.avi,2,245,395,boxing,T
person10_boxing_d3,person10_boxing_d3_uncomp.avi,person10_boxing_d3_s3_boxing_original.avi,3,396,550,boxing,F
person10_boxing_d3,person10_boxing_d3_uncomp.avi,person10_boxing_d3_s3_boxing_flip.avi,3,396,550,boxing,T
person10_boxing_d4,person10_boxing_d4_uncomp.avi,person10_boxing_d4_s0_boxing_original.avi,0,1,130,boxing,F
person10_boxing_d4,person10_boxing_d4_uncomp.avi,person10_boxing_d4_s0_boxing_flip.avi,0,1,130,boxing,T
person10_boxing_d4,person10_boxing_d4_uncomp.avi,person10_boxing_d4_s1_boxing_original.avi,1,131,233,boxing,F
person10_boxing_d4,person10_boxing_d4_uncomp.avi,person10_boxing_d4_s1_boxing_flip.avi,1,131,233,boxing,T
person10_boxing_d4,person10_boxing_d4_uncomp.avi,person10_boxing_d4_s2_boxing_original.avi,2,234,368,boxing,F
person10_boxing_d4,person10_boxing_d4_uncomp.avi,person10_boxing_d4_s2_boxing_flip.avi,2,234,368,boxing,T
person10_boxing_d4,person10_boxing_d4_uncomp.avi,person10_boxing_d4_s3_boxing_original.avi,3,369,474,boxing,F
person10_boxing_d4,person10_boxing_d4_uncomp.avi,person10_boxing_d4_s3_boxing_flip.avi,3,369,474,boxing,T
person10_handclapping_d1,person10_handclapping_d1_uncomp.avi,person10_handclapping_d1_s0_handclapping_original.avi,0,1,108,handclapping,F
person10_handclapping_d1,person10_handclapping_d1_uncomp.avi,person10_handclapping_d1_s0_handclapping_flip.avi,0,1,108,handclapping,T
person10_handclapping_d1,person10_handclapping_d1_uncomp.avi,person10_handclapping_d1_s1_handclapping_original.avi,1,109,200,handclapping,F
person10_handclapping_d1,person10_handclapping_d1_uncomp.avi,person10_handclapping_d1_s1_handclapping_flip.avi,1,109,200,handclapping,T
person10_handclapping_d1,person10_handclapping_d1_uncomp.avi,person10_handclapping_d1_s2_handclapping_original.avi,2,201,260,handclapping,F
person10_handclapping_d1,person10_handclapping_d1_uncomp.avi,person10_handclapping_d1_s2_handclapping_flip.avi,2,201,260,handclapping,T
person10_handclapping_d1,person10_handclapping_d1_uncomp.avi,person10_handclapping_d1_s3_handclapping_original.avi,3,261,284,handclapping,F
person10_handclapping_d1,person10_handclapping_d1_uncomp.avi,person10_handclapping_d1_s3_handclapping_flip.avi,3,261,284,handclapping,T
person10_handclapping_d2,person10_handclapping_d2_uncomp.avi,person10_handclapping_d2_s0_handclapping_original.avi,0,1,64,handclapping,F
person10_handclapping_d2,person10_handclapping_d2_uncomp.avi,person10_handclapping_d2_s0_handclapping_flip.avi,0,1,64,handclapping,T
person10_handclapping_d2,person10_handclapping_d2_uncomp.avi,person10_handclapping_d2_s1_handclapping_original.avi,1,65,162,handclapping,F
person10_handclapping_d2,person10_handclapping_d2_uncomp.avi,person10_handclapping_d2_s1_handclapping_flip.avi,1,65,162,handclapping,T
person10_handclapping_d2,person10_handclapping_d2_uncomp.avi,person10_handclapping_d2_s2_handclapping_original.avi,2,163,255,handclapping,F
person10_handclapping_d2,person10_handclapping_d2_uncomp.avi,person10_handclapping_d2_s2_handclapping_flip.avi,2,163,255,handclapping,T
person10_handclapping_d2,person10_handclapping_d2_uncomp.avi,person10_handclapping_d2_s3_handclapping_original.avi,3,256,359,handclapping,F
person10_handclapping_d2,person10_handclapping_d2_uncomp.avi,person10_handclapping_d2_s3_handclapping_flip.avi,3,256,359,handclapping,T
person10_handclapping_d3,person10_handclapping_d3_uncomp.avi,person10_handclapping_d3_s0_handclapping_original.avi,0,1,108,handclapping,F
person10_handclapping_d3,person10_handclapping_d3_uncomp.avi,person10_handclapping_d3_s0_handclapping_flip.avi,0,1,108,handclapping,T
person10_handclapping_d3,person10_handclapping_d3_uncomp.avi,person10_handclapping_d3_s1_handclapping_original.avi,1,109,202,handclapping,F
person10_handclapping_d3,person10_handclapping_d3_uncomp.avi,person10_handclapping_d3_s1_handclapping_flip.avi,1,109,202,handclapping,T
person10_handclapping_d3,person10_handclapping_d3_uncomp.avi,person10_handclapping_d3_s2_handclapping_original.avi,2,203,308,handclapping,F
person10_handclapping_d3,person10_handclapping_d3_uncomp.avi,person10_handclapping_d3_s2_handclapping_flip.avi,2,203,308,handclapping,T
person10_handclapping_d3,person10_handclapping_d3_uncomp.avi,person10_handclapping_d3_s3_handclapping_original.avi,3,309,395,handclapping,F
person10_handclapping_d3,person10_handclapping_d3_uncomp.avi,person10_handclapping_d3_s3_handclapping_flip.avi,3,309,395,handclapping,T
person10_handclapping_d4,person10_handclapping_d4_uncomp.avi,person10_handclapping_d4_s0_handclapping_original.avi,0,1,92,handclapping,F
person10_handclapping_d4,person10_handclapping_d4_uncomp.avi,person10_handclapping_d4_s0_handclapping_flip.avi,0,1,92,handclapping,T
person10_handclapping_d4,person10_handclapping_d4_uncomp.avi,person10_handclapping_d4_s1_handclapping_original.avi,1,93,182,handclapping,F
person10_handclapping_d4,person10_handclapping_d4_uncomp.avi,person10_handclapping_d4_s1_handclapping_flip.avi,1,93,182,handclapping,T
person10_handclapping_d4,person10_handclapping_d4_uncomp.avi,person10_handclapping_d4_s2_handclapping_original.avi,2,183,257,handclapping,F
person10_handclapping_d4,person10_handclapping_d4_uncomp.avi,person10_handclapping_d4_s2_handclapping_flip.avi,2,183,257,handclapping,T
person10_handclapping_d4,person10_handclapping_d4_uncomp.avi,person10_handclapping_d4_s3_handclapping_original.avi,3,258,336,handclapping,F
person10_handclapping_d4,person10_handclapping_d4_uncomp.avi,person10_handclapping_d4_s3_handclapping_flip.avi,3,258,336,handclapping,T
person10_handwaving_d1,person10_handwaving_d1_uncomp.avi,person10_handwaving_d1_s0_handwaving_original.avi,0,1,122,handwaving,F
person10_handwaving_d1,person10_handwaving_d1_uncomp.avi,person10_handwaving_d1_s0_handwaving_flip.avi,0,1,122,handwaving,T
person10_handwaving_d1,person10_handwaving_d1_uncomp.avi,person10_handwaving_d1_s1_handwaving_original.avi,1,123,242,handwaving,F
person10_handwaving_d1,person10_handwaving_d1_uncomp.avi,person10_handwaving_d1_s1_handwaving_flip.avi,1,123,242,handwaving,T
person10_handwaving_d1,person10_handwaving_d1_uncomp.avi,person10_handwaving_d1_s2_handwaving_original.avi,2,243,402,handwaving,F
person10_handwaving_d1,person10_handwaving_d1_uncomp.avi,person10_handwaving_d1_s2_handwaving_flip.avi,2,243,402,handwaving,T
person10_handwaving_d1,person10_handwaving_d1_uncomp.avi,person10_handwaving_d1_s3_handwaving_original.avi,3,403,524,handwaving,F
person10_handwaving_d1,person10_handwaving_d1_uncomp.avi,person10_handwaving_d1_s3_handwaving_flip.avi,3,403,524,handwaving,T
person10_handwaving_d2,person10_handwaving_d2_uncomp.avi,person10_handwaving_d2_s0_handwaving_original.avi,0,1,98,handwaving,F
person10_handwaving_d2,person10_handwaving_d2_uncomp.avi,person10_handwaving_d2_s0_handwaving_flip.avi,0,1,98,handwaving,T
person10_handwaving_d2,person10_handwaving_d2_uncomp.avi,person10_handwaving_d2_s1_handwaving_original.avi,1,99,216,handwaving,F
person10_handwaving_d2,person10_handwaving_d2_uncomp.avi,person10_handwaving_d2_s1_handwaving_flip.avi,1,99,216,handwaving,T
person10_handwaving_d2,person10_handwaving_d2_uncomp.avi,person10_handwaving_d2_s2_handwaving_original.avi,2,217,370,handwaving,F
person10_handwaving_d2,person10_handwaving_d2_uncomp.avi,person10_handwaving_d2_s2_handwaving_flip.avi,2,217,370,handwaving,T
person10_handwaving_d2,person10_handwaving_d2_uncomp.avi,person10_handwaving_d2_s3_handwaving_original.avi,3,371,525,handwaving,F
person10_handwaving_d2,person10_handwaving_d2_uncomp.avi,person10_handwaving_d2_s3_handwaving_flip.avi,3,371,525,handwaving,T
person10_handwaving_d3,person10_handwaving_d3_uncomp.avi,person10_handwaving_d3_s0_handwaving_original.avi,0,1,110,handwaving,F
person10_handwaving_d3,person10_handwaving_d3_uncomp.avi,person10_handwaving_d3_s0_handwaving_flip.avi,0,1,110,handwaving,T
person10_handwaving_d3,person10_handwaving_d3_uncomp.avi,person10_handwaving_d3_s1_handwaving_original.avi,1,111,265,handwaving,F
person10_handwaving_d3,person10_handwaving_d3_uncomp.avi,person10_handwaving_d3_s1_handwaving_flip.avi,1,111,265,handwaving,T
person10_handwaving_d3,person10_handwaving_d3_uncomp.avi,person10_handwaving_d3_s2_handwaving_original.avi,2,266,395,handwaving,F
person10_handwaving_d3,person10_handwaving_d3_uncomp.avi,person10_handwaving_d3_s2_handwaving_flip.avi,2,266,395,handwaving,T
person10_handwaving_d3,person10_handwaving_d3_uncomp.avi,person10_handwaving_d3_s3_handwaving_original.avi,3,396,518,handwaving,F
person10_handwaving_d3,person10_handwaving_d3_uncomp.avi,person10_handwaving_d3_s3_handwaving_flip.avi,3,396,518,handwaving,T
person10_handwaving_d4,person10_handwaving_d4_uncomp.avi,person10_handwaving_d4_s0_handwaving_original.avi,0,1,142,handwaving,F
person10_handwaving_d4,person10_handwaving_d4_uncomp.avi,person10_handwaving_d4_s0_handwaving_flip.avi,0,1,142,handwaving,T
person10_handwaving_d4,person10_handwaving_d4_uncomp.avi,person10_handwaving_d4_s1_handwaving_original.avi,1,143,255,handwaving,F
person10_handwaving_d4,person10_handwaving_d4_uncomp.avi,person10_handwaving_d4_s1_handwaving_flip.avi,1,143,255,handwaving,T
person10_handwaving_d4,person10_handwaving_d4_uncomp.avi,person10_handwaving_d4_s2_handwaving_original.avi,2,256,375,handwaving,F
person10_handwaving_d4,person10_handwaving_d4_uncomp.avi,person10_handwaving_d4_s2_handwaving_flip.avi,2,256,375,handwaving,T
person10_handwaving_d4,person10_handwaving_d4_uncomp.avi,person10_handwaving_d4_s3_handwaving_original.avi,3,376,532,handwaving,F
person10_handwaving_d4,person10_handwaving_d4_uncomp.avi,person10_handwaving_d4_s3_handwaving_flip.avi,3,376,532,handwaving,T
person10_jogging_d1,person10_jogging_d1_uncomp.avi,person10_jogging_d1_s0_jogging_original.avi,0,1,50,jogging,F
person10_jogging_d1,person10_jogging_d1_uncomp.avi,person10_jogging_d1_s0_jogging_flip.avi,0,1,50,jogging,T
person10_jogging_d1,person10_jogging_d1_uncomp.avi,person10_empty_d1_s0_jogging_original.avi,1,51,134,empty,F
person10_jogging_d1,person10_jogging_d1_uncomp.avi,person10_empty_d1_s0_jogging_flip.avi,1,51,134,empty,T
person10_jogging_d1,person10_jogging_d1_uncomp.avi,person10_jogging_d1_s1_jogging_original.avi,2,135,190,jogging,F
person10_jogging_d1,person10_jogging_d1_uncomp.avi,person10_jogging_d1_s1_jogging_flip.avi,2,135,190,jogging,T
person10_jogging_d1,person10_jogging_d1_uncomp.avi,person10_empty_d1_s1_jogging_original.avi,3,191,229,empty,F
person10_jogging_d1,person10_jogging_d1_uncomp.avi,person10_empty_d1_s1_jogging_flip.avi,3,191,229,empty,T
person10_jogging_d1,person10_jogging_d1_uncomp.avi,person10_jogging_d1_s2_jogging_original.avi,4,230,290,jogging,F
person10_jogging_d1,person10_jogging_d1_uncomp.avi,person10_jogging_d1_s2_jogging_flip.avi,4,230,290,jogging,T
person10_jogging_d1,person10_jogging_d1_uncomp.avi,person10_empty_d1_s2_jogging_original.avi,5,291,364,empty,F
person10_jogging_d1,person10_jogging_d1_uncomp.avi,person10_empty_d1_s2_jogging_flip.avi,5,291,364,empty,T
person10_jogging_d1,person10_jogging_d1_uncomp.avi,person10_jogging_d1_s3_jogging_original.avi,6,365,425,jogging,F
person10_jogging_d1,person10_jogging_d1_uncomp.avi,person10_jogging_d1_s3_jogging_flip.avi,6,365,425,jogging,T
person10_jogging_d2,person10_jogging_d2_uncomp.avi,person10_jogging_d2_s0_jogging_original.avi,0,1,112,jogging,F
person10_jogging_d2,person10_jogging_d2_uncomp.avi,person10_jogging_d2_s0_jogging_flip.avi,0,1,112,jogging,T
person10_jogging_d2,person10_jogging_d2_uncomp.avi,person10_empty_d2_s0_jogging_original.avi,1,113,174,empty,F
person10_jogging_d2,person10_jogging_d2_uncomp.avi,person10_empty_d2_s0_jogging_flip.avi,1,113,174,empty,T
person10_jogging_d2,person10_jogging_d2_uncomp.avi,person10_jogging_d2_s1_jogging_original.avi,2,175,285,jogging,F
person10_jogging_d2,person10_jogging_d2_uncomp.avi,person10_jogging_d2_s1_jogging_flip.avi,2,175,285,jogging,T
person10_jogging_d2,person10_jogging_d2_uncomp.avi,person10_empty_d2_s1_jogging_original.avi,3,286,314,empty,F
person10_jogging_d2,person10_jogging_d2_uncomp.avi,person10_empty_d2_s1_jogging_flip.avi,3,286,314,empty,T
person10_jogging_d2,person10_jogging_d2_uncomp.avi,person10_jogging_d2_s2_jogging_original.avi,4,315,435,jogging,F
person10_jogging_d2,person10_jogging_d2_uncomp.avi,person10_jogging_d2_s2_jogging_flip.avi,4,315,435,jogging,T
person10_jogging_d2,person10_jogging_d2_uncomp.avi,person10_empty_d2_s2_jogging_original.avi,5,436,529,empty,F
person10_jogging_d2,person10_jogging_d2_uncomp.avi,person10_empty_d2_s2_jogging_flip.avi,5,436,529,empty,T
person10_jogging_d2,person10_jogging_d2_uncomp.avi,person10_jogging_d2_s3_jogging_original.avi,6,530,655,jogging,F
person10_jogging_d2,person10_jogging_d2_uncomp.avi,person10_jogging_d2_s3_jogging_flip.avi,6,530,655,jogging,T
person10_jogging_d3,person10_jogging_d3_uncomp.avi,person10_jogging_d3_s0_jogging_original.avi,0,1,50,jogging,F
person10_jogging_d3,person10_jogging_d3_uncomp.avi,person10_jogging_d3_s0_jogging_flip.avi,0,1,50,jogging,T
person10_jogging_d3,person10_jogging_d3_uncomp.avi,person10_empty_d3_s0_jogging_original.avi,1,51,135,empty,F
person10_jogging_d3,person10_jogging_d3_uncomp.avi,person10_empty_d3_s0_jogging_flip.avi,1,51,135,empty,T
person10_jogging_d3,person10_jogging_d3_uncomp.avi,person10_jogging_d3_s1_jogging_original.avi,2,136,192,jogging,F
person10_jogging_d3,person10_jogging_d3_uncomp.avi,person10_jogging_d3_s1_jogging_flip.avi,2,136,192,jogging,T
person10_jogging_d3,person10_jogging_d3_uncomp.avi,person10_empty_d3_s1_jogging_original.avi,3,193,214,empty,F
person10_jogging_d3,person10_jogging_d3_uncomp.avi,person10_empty_d3_s1_jogging_flip.avi,3,193,214,empty,T
person10_jogging_d3,person10_jogging_d3_uncomp.avi,person10_jogging_d3_s2_jogging_original.avi,4,215,256,jogging,F
person10_jogging_d3,person10_jogging_d3_uncomp.avi,person10_jogging_d3_s2_jogging_flip.avi,4,215,256,jogging,T
person10_jogging_d3,person10_jogging_d3_uncomp.avi,person10_empty_d3_s2_jogging_original.avi,5,257,349,empty,F
person10_jogging_d3,person10_jogging_d3_uncomp.avi,person10_empty_d3_s2_jogging_flip.avi,5,257,349,empty,T
person10_jogging_d3,person10_jogging_d3_uncomp.avi,person10_jogging_d3_s3_jogging_original.avi,6,350,400,jogging,F
person10_jogging_d3,person10_jogging_d3_uncomp.avi,person10_jogging_d3_s3_jogging_flip.avi,6,350,400,jogging,T
person10_jogging_d4,person10_jogging_d4_uncomp.avi,person10_jogging_d4_s0_jogging_original.avi,0,1,60,jogging,F
person10_jogging_d4,person10_jogging_d4_uncomp.avi,person10_jogging_d4_s0_jogging_flip.avi,0,1,60,jogging,T
person10_jogging_d4,person10_jogging_d4_uncomp.avi,person10_empty_d4_s0_jogging_original.avi,1,61,109,empty,F
person10_jogging_d4,person10_jogging_d4_uncomp.avi,person10_empty_d4_s0_jogging_flip.avi,1,61,109,empty,T
person10_jogging_d4,person10_jogging_d4_uncomp.avi,person10_jogging_d4_s1_jogging_original.avi,2,110,170,jogging,F
person10_jogging_d4,person10_jogging_d4_uncomp.avi,person10_jogging_d4_s1_jogging_flip.avi,2,110,170,jogging,T
person10_jogging_d4,person10_jogging_d4_uncomp.avi,person10_jogging_d4_s2_jogging_original.avi,3,171,235,jogging,F
person10_jogging_d4,person10_jogging_d4_uncomp.avi,person10_jogging_d4_s2_jogging_flip.avi,3,171,235,jogging,T
person10_jogging_d4,person10_jogging_d4_uncomp.avi,person10_empty_d4_s1_jogging_original.avi,4,236,294,empty,F
person10_jogging_d4,person10_jogging_d4_uncomp.avi,person10_empty_d4_s1_jogging_flip.avi,4,236,294,empty,T
person10_jogging_d4,person10_jogging_d4_uncomp.avi,person10_jogging_d4_s3_jogging_original.avi,5,295,363,jogging,F
person10_jogging_d4,person10_jogging_d4_uncomp.avi,person10_jogging_d4_s3_jogging_flip.avi,5,295,363,jogging,T
person10_running_d1,person10_running_d1_uncomp.avi,person10_running_d1_s0_running_original.avi,0,1,35,running,F
person10_running_d1,person10_running_d1_uncomp.avi,person10_running_d1_s0_running_flip.avi,0,1,35,running,T
person10_running_d1,person10_running_d1_uncomp.avi,person10_empty_d1_s0_running_original.avi,1,36,94,empty,F
person10_running_d1,person10_running_d1_uncomp.avi,person10_empty_d1_s0_running_flip.avi,1,36,94,empty,T
person10_running_d1,person10_running_d1_uncomp.avi,person10_running_d1_s1_running_original.avi,2,95,125,running,F
person10_running_d1,person10_running_d1_uncomp.avi,person10_running_d1_s1_running_flip.avi,2,95,125,running,T
person10_running_d1,person10_running_d1_uncomp.avi,person10_empty_d1_s1_running_original.avi,3,126,179,empty,F
person10_running_d1,person10_running_d1_uncomp.avi,person10_empty_d1_s1_running_flip.avi,3,126,179,empty,T
person10_running_d1,person10_running_d1_uncomp.avi,person10_running_d1_s2_running_original.avi,4,180,210,running,F
person10_running_d1,person10_running_d1_uncomp.avi,person10_running_d1_s2_running_flip.avi,4,180,210,running,T
person10_running_d1,person10_running_d1_uncomp.avi,person10_empty_d1_s2_running_original.avi,5,211,289,empty,F
person10_running_d1,person10_running_d1_uncomp.avi,person10_empty_d1_s2_running_flip.avi,5,211,289,empty,T
person10_running_d1,person10_running_d1_uncomp.avi,person10_running_d1_s3_running_original.avi,6,290,322,running,F
person10_running_d1,person10_running_d1_uncomp.avi,person10_running_d1_s3_running_flip.avi,6,290,322,running,T
person10_running_d2,person10_running_d2_uncomp.avi,person10_running_d2_s0_running_original.avi,0,1,65,running,F
person10_running_d2,person10_running_d2_uncomp.avi,person10_running_d2_s0_running_flip.avi,0,1,65,running,T
person10_running_d2,person10_running_d2_uncomp.avi,person10_empty_d2_s0_running_original.avi,1,66,139,empty,F
person10_running_d2,person10_running_d2_uncomp.avi,person10_empty_d2_s0_running_flip.avi,1,66,139,empty,T
person10_running_d2,person10_running_d2_uncomp.avi,person10_running_d2_s1_running_original.avi,2,140,215,running,F
person10_running_d2,person10_running_d2_uncomp.avi,person10_running_d2_s1_running_flip.avi,2,140,215,running,T
person10_running_d2,person10_running_d2_uncomp.avi,person10_empty_d2_s1_running_original.avi,3,216,261,empty,F
person10_running_d2,person10_running_d2_uncomp.avi,person10_empty_d2_s1_running_flip.avi,3,216,261,empty,T
person10_running_d2,person10_running_d2_uncomp.avi,person10_running_d2_s2_running_original.avi,4,262,340,running,F
person10_running_d2,person10_running_d2_uncomp.avi,person10_running_d2_s2_running_flip.avi,4,262,340,running,T
person10_running_d2,person10_running_d2_uncomp.avi,person10_empty_d2_s2_running_original.avi,5,341,409,empty,F
person10_running_d2,person10_running_d2_uncomp.avi,person10_empty_d2_s2_running_flip.avi,5,341,409,empty,T
person10_running_d2,person10_running_d2_uncomp.avi,person10_running_d2_s3_running_original.avi,6,410,480,running,F
person10_running_d2,person10_running_d2_uncomp.avi,person10_running_d2_s3_running_flip.avi,6,410,480,running,T
person10_running_d3,person10_running_d3_uncomp.avi,person10_running_d3_s0_running_original.avi,0,1,40,running,F
person10_running_d3,person10_running_d3_uncomp.avi,person10_running_d3_s0_running_flip.avi,0,1,40,running,T
person10_running_d3,person10_running_d3_uncomp.avi,person10_empty_d3_s0_running_original.avi,1,41,117,empty,F
person10_running_d3,person10_running_d3_uncomp.avi,person10_empty_d3_s0_running_flip.avi,1,41,117,empty,T
person10_running_d3,person10_running_d3_uncomp.avi,person10_running_d3_s1_running_original.avi,2,118,155,running,F
person10_running_d3,person10_running_d3_uncomp.avi,person10_running_d3_s1_running_flip.avi,2,118,155,running,T
person10_running_d3,person10_running_d3_uncomp.avi,person10_empty_d3_s1_running_original.avi,3,156,194,empty,F
person10_running_d3,person10_running_d3_uncomp.avi,person10_empty_d3_s1_running_flip.avi,3,156,194,empty,T
person10_running_d3,person10_running_d3_uncomp.avi,person10_running_d3_s2_running_original.avi,4,195,230,running,F
person10_running_d3,person10_running_d3_uncomp.avi,person10_running_d3_s2_running_flip.avi,4,195,230,running,T
person10_running_d3,person10_running_d3_uncomp.avi,person10_empty_d3_s2_running_original.avi,5,231,329,empty,F
person10_running_d3,person10_running_d3_uncomp.avi,person10_empty_d3_s2_running_flip.avi,5,231,329,empty,T
person10_running_d3,person10_running_d3_uncomp.avi,person10_running_d3_s3_running_original.avi,6,330,365,running,F
person10_running_d3,person10_running_d3_uncomp.avi,person10_running_d3_s3_running_flip.avi,6,330,365,running,T
person10_running_d4,person10_running_d4_uncomp.avi,person10_running_d4_s0_running_original.avi,0,1,50,running,F
person10_running_d4,person10_running_d4_uncomp.avi,person10_running_d4_s0_running_flip.avi,0,1,50,running,T
person10_running_d4,person10_running_d4_uncomp.avi,person10_empty_d4_s0_running_original.avi,1,51,99,empty,F
person10_running_d4,person10_running_d4_uncomp.avi,person10_empty_d4_s0_running_flip.avi,1,51,99,empty,T
person10_running_d4,person10_running_d4_uncomp.avi,person10_running_d4_s1_running_original.avi,2,100,145,running,F
person10_running_d4,person10_running_d4_uncomp.avi,person10_running_d4_s1_running_flip.avi,2,100,145,running,T
person10_running_d4,person10_running_d4_uncomp.avi,person10_empty_d4_s1_running_original.avi,3,146,151,empty,F
person10_running_d4,person10_running_d4_uncomp.avi,person10_empty_d4_s1_running_flip.avi,3,146,151,empty,T
person10_running_d4,person10_running_d4_uncomp.avi,person10_running_d4_s2_running_original.avi,4,152,195,running,F
person10_running_d4,person10_running_d4_uncomp.avi,person10_running_d4_s2_running_flip.avi,4,152,195,running,T
person10_running_d4,person10_running_d4_uncomp.avi,person10_empty_d4_s2_running_original.avi,5,196,245,empty,F
person10_running_d4,person10_running_d4_uncomp.avi,person10_empty_d4_s2_running_flip.avi,5,196,245,empty,T
person10_running_d4,person10_running_d4_uncomp.avi,person10_running_d4_s3_running_original.avi,6,246,290,running,F
person10_running_d4,person10_running_d4_uncomp.avi,person10_running_d4_s3_running_flip.avi,6,246,290,running,T
person10_walking_d1,person10_walking_d1_uncomp.avi,person10_walking_d1_s0_walking_original.avi,0,1,85,walking,F
person10_walking_d1,person10_walking_d1_uncomp.avi,person10_walking_d1_s0_walking_flip.avi,0,1,85,walking,T
person10_walking_d1,person10_walking_d1_uncomp.avi,person10_empty_d1_s0_walking_original.avi,1,86,214,empty,F
person10_walking_d1,person10_walking_d1_uncomp.avi,person10_empty_d1_s0_walking_flip.avi,1,86,214,empty,T
person10_walking_d1,person10_walking_d1_uncomp.avi,person10_walking_d1_s1_walking_original.avi,2,215,302,walking,F
person10_walking_d1,person10_walking_d1_uncomp.avi,person10_walking_d1_s1_walking_flip.avi,2,215,302,walking,T
person10_walking_d1,person10_walking_d1_uncomp.avi,person10_empty_d1_s1_walking_original.avi,3,303,374,empty,F
person10_walking_d1,person10_walking_d1_uncomp.avi,person10_empty_d1_s1_walking_flip.avi,3,303,374,empty,T
person10_walking_d1,person10_walking_d1_uncomp.avi,person10_walking_d1_s2_walking_original.avi,4,375,455,walking,F
person10_walking_d1,person10_walking_d1_uncomp.avi,person10_walking_d1_s2_walking_flip.avi,4,375,455,walking,T
person10_walking_d1,person10_walking_d1_uncomp.avi,person10_empty_d1_s2_walking_original.avi,5,456,571,empty,F
person10_walking_d1,person10_walking_d1_uncomp.avi,person10_empty_d1_s2_walking_flip.avi,5,456,571,empty,T
person10_walking_d1,person10_walking_d1_uncomp.avi,person10_walking_d1_s3_walking_original.avi,6,572,655,walking,F
person10_walking_d1,person10_walking_d1_uncomp.avi,person10_walking_d1_s3_walking_flip.avi,6,572,655,walking,T
person10_walking_d2,person10_walking_d2_uncomp.avi,person10_walking_d2_s0_walking_original.avi,0,1,190,walking,F
person10_walking_d2,person10_walking_d2_uncomp.avi,person10_walking_d2_s0_walking_flip.avi,0,1,190,walking,T
person10_walking_d2,person10_walking_d2_uncomp.avi,person10_empty_d2_s0_walking_original.avi,1,191,334,empty,F
person10_walking_d2,person10_walking_d2_uncomp.avi,person10_empty_d2_s0_walking_flip.avi,1,191,334,empty,T
person10_walking_d2,person10_walking_d2_uncomp.avi,person10_walking_d2_s1_walking_original.avi,2,335,524,walking,F
person10_walking_d2,person10_walking_d2_uncomp.avi,person10_walking_d2_s1_walking_flip.avi,2,335,524,walking,T
person10_walking_d2,person10_walking_d2_uncomp.avi,person10_empty_d2_s1_walking_original.avi,3,525,584,empty,F
person10_walking_d2,person10_walking_d2_uncomp.avi,person10_empty_d2_s1_walking_flip.avi,3,525,584,empty,T
person10_walking_d2,person10_walking_d2_uncomp.avi,person10_walking_d2_s2_walking_original.avi,4,585,762,walking,F
person10_walking_d2,person10_walking_d2_uncomp.avi,person10_walking_d2_s2_walking_flip.avi,4,585,762,walking,T
person10_walking_d2,person10_walking_d2_uncomp.avi,person10_empty_d2_s2_walking_original.avi,5,763,899,empty,F
person10_walking_d2,person10_walking_d2_uncomp.avi,person10_empty_d2_s2_walking_flip.avi,5,763,899,empty,T
person10_walking_d2,person10_walking_d2_uncomp.avi,person10_walking_d2_s3_walking_original.avi,6,900,1092,walking,F
person10_walking_d2,person10_walking_d2_uncomp.avi,person10_walking_d2_s3_walking_flip.avi,6,900,1092,walking,T
person10_walking_d3,person10_walking_d3_uncomp.avi,person10_walking_d3_s0_walking_original.avi,0,1,80,walking,F
person10_walking_d3,person10_walking_d3_uncomp.avi,person10_walking_d3_s0_walking_flip.avi,0,1,80,walking,T
person10_walking_d3,person10_walking_d3_uncomp.avi,person10_empty_d3_s0_walking_original.avi,1,81,214,empty,F
person10_walking_d3,person10_walking_d3_uncomp.avi,person10_empty_d3_s0_walking_flip.avi,1,81,214,empty,T
person10_walking_d3,person10_walking_d3_uncomp.avi,person10_walking_d3_s1_walking_original.avi,2,215,295,walking,F
person10_walking_d3,person10_walking_d3_uncomp.avi,person10_walking_d3_s1_walking_flip.avi,2,215,295,walking,T
person10_walking_d3,person10_walking_d3_uncomp.avi,person10_empty_d3_s1_walking_original.avi,3,296,329,empty,F
person10_walking_d3,person10_walking_d3_uncomp.avi,person10_empty_d3_s1_walking_flip.avi,3,296,329,empty,T
person10_walking_d3,person10_walking_d3_uncomp.avi,person10_walking_d3_s2_walking_original.avi,4,330,405,walking,F
person10_walking_d3,person10_walking_d3_uncomp.avi,person10_walking_d3_s2_walking_flip.avi,4,330,405,walking,T
person10_walking_d3,person10_walking_d3_uncomp.avi,person10_empty_d3_s2_walking_original.avi,5,406,534,empty,F
person10_walking_d3,person10_walking_d3_uncomp.avi,person10_empty_d3_s2_walking_flip.avi,5,406,534,empty,T
person10_walking_d3,person10_walking_d3_uncomp.avi,person10_walking_d3_s3_walking_original.avi,6,535,615,walking,F
person10_walking_d3,person10_walking_d3_uncomp.avi,person10_walking_d3_s3_walking_flip.avi,6,535,615,walking,T
person10_walking_d4,person10_walking_d4_uncomp.avi,person10_walking_d4_s0_walking_original.avi,0,1,95,walking,F
person10_walking_d4,person10_walking_d4_uncomp.avi,person10_walking_d4_s0_walking_flip.avi,0,1,95,walking,T
person10_walking_d4,person10_walking_d4_uncomp.avi,person10_empty_d4_s0_walking_original.avi,1,96,161,empty,F
person10_walking_d4,person10_walking_d4_uncomp.avi,person10_empty_d4_s0_walking_flip.avi,1,96,161,empty,T
person10_walking_d4,person10_walking_d4_uncomp.avi,person10_walking_d4_s1_walking_original.avi,2,162,270,walking,F
person10_walking_d4,person10_walking_d4_uncomp.avi,person10_walking_d4_s1_walking_flip.avi,2,162,270,walking,T
person10_walking_d4,person10_walking_d4_uncomp.avi,person10_walking_d4_s2_walking_original.avi,3,271,375,walking,F
person10_walking_d4,person10_walking_d4_uncomp.avi,person10_walking_d4_s2_walking_flip.avi,3,271,375,walking,T
person10_walking_d4,person10_walking_d4_uncomp.avi,person10_empty_d4_s1_walking_original.avi,4,376,434,empty,F
person10_walking_d4,person10_walking_d4_uncomp.avi,person10_empty_d4_s1_walking_flip.avi,4,376,434,empty,T
person10_walking_d4,person10_walking_d4_uncomp.avi,person10_walking_d4_s3_walking_original.avi,5,435,544,walking,F
person10_walking_d4,person10_walking_d4_uncomp.avi,person10_walking_d4_s3_walking_flip.avi,5,435,544,walking,T
person11_boxing_d1,person11_boxing_d1_uncomp.avi,person11_boxing_d1_s0_boxing_original.avi,0,1,74,boxing,F
person11_boxing_d1,person11_boxing_d1_uncomp.avi,person11_boxing_d1_s0_boxing_flip.avi,0,1,74,boxing,T
person11_boxing_d1,person11_boxing_d1_uncomp.avi,person11_boxing_d1_s1_boxing_original.avi,1,75,141,boxing,F
person11_boxing_d1,person11_boxing_d1_uncomp.avi,person11_boxing_d1_s1_boxing_flip.avi,1,75,141,boxing,T
person11_boxing_d1,person11_boxing_d1_uncomp.avi,person11_boxing_d1_s2_boxing_original.avi,2,142,273,boxing,F
person11_boxing_d1,person11_boxing_d1_uncomp.avi,person11_boxing_d1_s2_boxing_flip.avi,2,142,273,boxing,T
person11_boxing_d1,person11_boxing_d1_uncomp.avi,person11_boxing_d1_s3_boxing_original.avi,3,274,351,boxing,F
person11_boxing_d1,person11_boxing_d1_uncomp.avi,person11_boxing_d1_s3_boxing_flip.avi,3,274,351,boxing,T
person11_boxing_d2,person11_boxing_d2_uncomp.avi,person11_boxing_d2_s0_boxing_original.avi,0,1,92,boxing,F
person11_boxing_d2,person11_boxing_d2_uncomp.avi,person11_boxing_d2_s0_boxing_flip.avi,0,1,92,boxing,T
person11_boxing_d2,person11_boxing_d2_uncomp.avi,person11_empty_d2_s0_boxing_original.avi,1,93,164,empty,F
person11_boxing_d2,person11_boxing_d2_uncomp.avi,person11_empty_d2_s0_boxing_flip.avi,1,93,164,empty,T
person11_boxing_d2,person11_boxing_d2_uncomp.avi,person11_boxing_d2_s1_boxing_original.avi,2,165,216,boxing,F
person11_boxing_d2,person11_boxing_d2_uncomp.avi,person11_boxing_d2_s1_boxing_flip.avi,2,165,216,boxing,T
person11_boxing_d2,person11_boxing_d2_uncomp.avi,person11_empty_d2_s1_boxing_original.avi,3,217,227,empty,F
person11_boxing_d2,person11_boxing_d2_uncomp.avi,person11_empty_d2_s1_boxing_flip.avi,3,217,227,empty,T
person11_boxing_d2,person11_boxing_d2_uncomp.avi,person11_boxing_d2_s2_boxing_original.avi,4,228,306,boxing,F
person11_boxing_d2,person11_boxing_d2_uncomp.avi,person11_boxing_d2_s2_boxing_flip.avi,4,228,306,boxing,T
person11_boxing_d2,person11_boxing_d2_uncomp.avi,person11_empty_d2_s2_boxing_original.avi,5,307,389,empty,F
person11_boxing_d2,person11_boxing_d2_uncomp.avi,person11_empty_d2_s2_boxing_flip.avi,5,307,389,empty,T
person11_boxing_d2,person11_boxing_d2_uncomp.avi,person11_boxing_d2_s3_boxing_original.avi,6,390,545,boxing,F
person11_boxing_d2,person11_boxing_d2_uncomp.avi,person11_boxing_d2_s3_boxing_flip.avi,6,390,545,boxing,T
person11_boxing_d3,person11_boxing_d3_uncomp.avi,person11_boxing_d3_s0_boxing_original.avi,0,1,95,boxing,F
person11_boxing_d3,person11_boxing_d3_uncomp.avi,person11_boxing_d3_s0_boxing_flip.avi,0,1,95,boxing,T
person11_boxing_d3,person11_boxing_d3_uncomp.avi,person11_boxing_d3_s1_boxing_original.avi,1,96,208,boxing,F
person11_boxing_d3,person11_boxing_d3_uncomp.avi,person11_boxing_d3_s1_boxing_flip.avi,1,96,208,boxing,T
person11_boxing_d3,person11_boxing_d3_uncomp.avi,person11_boxing_d3_s2_boxing_original.avi,2,209,334,boxing,F
person11_boxing_d3,person11_boxing_d3_uncomp.avi,person11_boxing_d3_s2_boxing_flip.avi,2,209,334,boxing,T
person11_boxing_d3,person11_boxing_d3_uncomp.avi,person11_boxing_d3_s3_boxing_original.avi,3,335,444,boxing,F
person11_boxing_d3,person11_boxing_d3_uncomp.avi,person11_boxing_d3_s3_boxing_flip.avi,3,335,444,boxing,T
person11_boxing_d4,person11_boxing_d4_uncomp.avi,person11_boxing_d4_s0_boxing_original.avi,0,1,106,boxing,F
person11_boxing_d4,person11_boxing_d4_uncomp.avi,person11_boxing_d4_s0_boxing_flip.avi,0,1,106,boxing,T
person11_boxing_d4,person11_boxing_d4_uncomp.avi,person11_boxing_d4_s1_boxing_original.avi,1,107,194,boxing,F
person11_boxing_d4,person11_boxing_d4_uncomp.avi,person11_boxing_d4_s1_boxing_flip.avi,1,107,194,boxing,T
person11_boxing_d4,person11_boxing_d4_uncomp.avi,person11_boxing_d4_s2_boxing_original.avi,2,195,250,boxing,F
person11_boxing_d4,person11_boxing_d4_uncomp.avi,person11_boxing_d4_s2_boxing_flip.avi,2,195,250,boxing,T
person11_handclapping_d1,person11_handclapping_d1_uncomp.avi,person11_handclapping_d1_s0_handclapping_original.avi,0,1,80,handclapping,F
person11_handclapping_d1,person11_handclapping_d1_uncomp.avi,person11_handclapping_d1_s0_handclapping_flip.avi,0,1,80,handclapping,T
person11_handclapping_d1,person11_handclapping_d1_uncomp.avi,person11_handclapping_d1_s1_handclapping_original.avi,1,81,168,handclapping,F
person11_handclapping_d1,person11_handclapping_d1_uncomp.avi,person11_handclapping_d1_s1_handclapping_flip.avi,1,81,168,handclapping,T
person11_handclapping_d1,person11_handclapping_d1_uncomp.avi,person11_handclapping_d1_s2_handclapping_original.avi,2,169,225,handclapping,F
person11_handclapping_d1,person11_handclapping_d1_uncomp.avi,person11_handclapping_d1_s2_handclapping_flip.avi,2,169,225,handclapping,T
person11_handclapping_d1,person11_handclapping_d1_uncomp.avi,person11_handclapping_d1_s3_handclapping_original.avi,3,226,320,handclapping,F
person11_handclapping_d1,person11_handclapping_d1_uncomp.avi,person11_handclapping_d1_s3_handclapping_flip.avi,3,226,320,handclapping,T
person11_handclapping_d2,person11_handclapping_d2_uncomp.avi,person11_handclapping_d2_s0_handclapping_original.avi,0,1,95,handclapping,F
person11_handclapping_d2,person11_handclapping_d2_uncomp.avi,person11_handclapping_d2_s0_handclapping_flip.avi,0,1,95,handclapping,T
person11_handclapping_d2,person11_handclapping_d2_uncomp.avi,person11_handclapping_d2_s1_handclapping_original.avi,1,96,133,handclapping,F
person11_handclapping_d2,person11_handclapping_d2_uncomp.avi,person11_handclapping_d2_s1_handclapping_flip.avi,1,96,133,handclapping,T
person11_handclapping_d2,person11_handclapping_d2_uncomp.avi,person11_handclapping_d2_s2_handclapping_original.avi,2,134,225,handclapping,F
person11_handclapping_d2,person11_handclapping_d2_uncomp.avi,person11_handclapping_d2_s2_handclapping_flip.avi,2,134,225,handclapping,T
person11_handclapping_d2,person11_handclapping_d2_uncomp.avi,person11_handclapping_d2_s3_handclapping_original.avi,3,226,300,handclapping,F
person11_handclapping_d2,person11_handclapping_d2_uncomp.avi,person11_handclapping_d2_s3_handclapping_flip.avi,3,226,300,handclapping,T
person11_handclapping_d3,person11_handclapping_d3_uncomp.avi,person11_handclapping_d3_s0_handclapping_original.avi,0,1,105,handclapping,F
person11_handclapping_d3,person11_handclapping_d3_uncomp.avi,person11_handclapping_d3_s0_handclapping_flip.avi,0,1,105,handclapping,T
person11_handclapping_d3,person11_handclapping_d3_uncomp.avi,person11_handclapping_d3_s1_handclapping_original.avi,1,106,190,handclapping,F
person11_handclapping_d3,person11_handclapping_d3_uncomp.avi,person11_handclapping_d3_s1_handclapping_flip.avi,1,106,190,handclapping,T
person11_handclapping_d3,person11_handclapping_d3_uncomp.avi,person11_handclapping_d3_s2_handclapping_original.avi,2,191,255,handclapping,F
person11_handclapping_d3,person11_handclapping_d3_uncomp.avi,person11_handclapping_d3_s2_handclapping_flip.avi,2,191,255,handclapping,T
person11_handclapping_d3,person11_handclapping_d3_uncomp.avi,person11_handclapping_d3_s3_handclapping_original.avi,3,256,374,handclapping,F
person11_handclapping_d3,person11_handclapping_d3_uncomp.avi,person11_handclapping_d3_s3_handclapping_flip.avi,3,256,374,handclapping,T
person11_handclapping_d4,person11_handclapping_d4_uncomp.avi,person11_handclapping_d4_s0_handclapping_original.avi,0,1,85,handclapping,F
person11_handclapping_d4,person11_handclapping_d4_uncomp.avi,person11_handclapping_d4_s0_handclapping_flip.avi,0,1,85,handclapping,T
person11_handclapping_d4,person11_handclapping_d4_uncomp.avi,person11_handclapping_d4_s1_handclapping_original.avi,1,86,155,handclapping,F
person11_handclapping_d4,person11_handclapping_d4_uncomp.avi,person11_handclapping_d4_s1_handclapping_flip.avi,1,86,155,handclapping,T
person11_handclapping_d4,person11_handclapping_d4_uncomp.avi,person11_empty_d4_s0_handclapping_original.avi,2,156,267,empty,F
person11_handclapping_d4,person11_handclapping_d4_uncomp.avi,person11_empty_d4_s0_handclapping_flip.avi,2,156,267,empty,T
person11_handclapping_d4,person11_handclapping_d4_uncomp.avi,person11_handclapping_d4_s2_handclapping_original.avi,3,268,334,handclapping,F
person11_handclapping_d4,person11_handclapping_d4_uncomp.avi,person11_handclapping_d4_s2_handclapping_flip.avi,3,268,334,handclapping,T
person11_handclapping_d4,person11_handclapping_d4_uncomp.avi,person11_empty_d4_s1_handclapping_original.avi,4,335,344,empty,F
person11_handclapping_d4,person11_handclapping_d4_uncomp.avi,person11_empty_d4_s1_handclapping_flip.avi,4,335,344,empty,T
person11_handclapping_d4,person11_handclapping_d4_uncomp.avi,person11_handclapping_d4_s3_handclapping_original.avi,5,345,401,handclapping,F
person11_handclapping_d4,person11_handclapping_d4_uncomp.avi,person11_handclapping_d4_s3_handclapping_flip.avi,5,345,401,handclapping,T
person11_handwaving_d1,person11_handwaving_d1_uncomp.avi,person11_handwaving_d1_s0_handwaving_original.avi,0,1,148,handwaving,F
person11_handwaving_d1,person11_handwaving_d1_uncomp.avi,person11_handwaving_d1_s0_handwaving_flip.avi,0,1,148,handwaving,T
person11_handwaving_d1,person11_handwaving_d1_uncomp.avi,person11_handwaving_d1_s1_handwaving_original.avi,1,149,268,handwaving,F
person11_handwaving_d1,person11_handwaving_d1_uncomp.avi,person11_handwaving_d1_s1_handwaving_flip.avi,1,149,268,handwaving,T
person11_handwaving_d1,person11_handwaving_d1_uncomp.avi,person11_handwaving_d1_s2_handwaving_original.avi,2,269,350,handwaving,F
person11_handwaving_d1,person11_handwaving_d1_uncomp.avi,person11_handwaving_d1_s2_handwaving_flip.avi,2,269,350,handwaving,T
person11_handwaving_d1,person11_handwaving_d1_uncomp.avi,person11_handwaving_d1_s3_handwaving_original.avi,3,351,475,handwaving,F
person11_handwaving_d1,person11_handwaving_d1_uncomp.avi,person11_handwaving_d1_s3_handwaving_flip.avi,3,351,475,handwaving,T
person11_handwaving_d2,person11_handwaving_d2_uncomp.avi,person11_handwaving_d2_s0_handwaving_original.avi,0,1,85,handwaving,F
person11_handwaving_d2,person11_handwaving_d2_uncomp.avi,person11_handwaving_d2_s0_handwaving_flip.avi,0,1,85,handwaving,T
person11_handwaving_d2,person11_handwaving_d2_uncomp.avi,person11_handwaving_d2_s1_handwaving_original.avi,1,86,155,handwaving,F
person11_handwaving_d2,person11_handwaving_d2_uncomp.avi,person11_handwaving_d2_s1_handwaving_flip.avi,1,86,155,handwaving,T
person11_handwaving_d2,person11_handwaving_d2_uncomp.avi,person11_empty_d2_s0_handwaving_original.avi,2,156,208,empty,F
person11_handwaving_d2,person11_handwaving_d2_uncomp.avi,person11_empty_d2_s0_handwaving_flip.avi,2,156,208,empty,T
person11_handwaving_d2,person11_handwaving_d2_uncomp.avi,person11_handwaving_d2_s2_handwaving_original.avi,3,209,285,handwaving,F
person11_handwaving_d2,person11_handwaving_d2_uncomp.avi,person11_handwaving_d2_s2_handwaving_flip.avi,3,209,285,handwaving,T
person11_handwaving_d2,person11_handwaving_d2_uncomp.avi,person11_empty_d2_s1_handwaving_original.avi,4,286,346,empty,F
person11_handwaving_d2,person11_handwaving_d2_uncomp.avi,person11_empty_d2_s1_handwaving_flip.avi,4,286,346,empty,T
person11_handwaving_d2,person11_handwaving_d2_uncomp.avi,person11_handwaving_d2_s3_handwaving_original.avi,5,347,429,handwaving,F
person11_handwaving_d2,person11_handwaving_d2_uncomp.avi,person11_handwaving_d2_s3_handwaving_flip.avi,5,347,429,handwaving,T
person11_handwaving_d3,person11_handwaving_d3_uncomp.avi,person11_handwaving_d3_s0_handwaving_original.avi,0,1,135,handwaving,F
person11_handwaving_d3,person11_handwaving_d3_uncomp.avi,person11_handwaving_d3_s0_handwaving_flip.avi,0,1,135,handwaving,T
person11_handwaving_d3,person11_handwaving_d3_uncomp.avi,person11_handwaving_d3_s1_handwaving_original.avi,1,136,232,handwaving,F
person11_handwaving_d3,person11_handwaving_d3_uncomp.avi,person11_handwaving_d3_s1_handwaving_flip.avi,1,136,232,handwaving,T
person11_handwaving_d3,person11_handwaving_d3_uncomp.avi,person11_handwaving_d3_s2_handwaving_original.avi,2,233,390,handwaving,F
person11_handwaving_d3,person11_handwaving_d3_uncomp.avi,person11_handwaving_d3_s2_handwaving_flip.avi,2,233,390,handwaving,T
person11_handwaving_d3,person11_handwaving_d3_uncomp.avi,person11_handwaving_d3_s3_handwaving_original.avi,3,391,515,handwaving,F
person11_handwaving_d3,person11_handwaving_d3_uncomp.avi,person11_handwaving_d3_s3_handwaving_flip.avi,3,391,515,handwaving,T
person11_handwaving_d4,person11_handwaving_d4_uncomp.avi,person11_handwaving_d4_s0_handwaving_original.avi,0,1,122,handwaving,F
person11_handwaving_d4,person11_handwaving_d4_uncomp.avi,person11_handwaving_d4_s0_handwaving_flip.avi,0,1,122,handwaving,T
person11_handwaving_d4,person11_handwaving_d4_uncomp.avi,person11_handwaving_d4_s1_handwaving_original.avi,1,123,223,handwaving,F
person11_handwaving_d4,person11_handwaving_d4_uncomp.avi,person11_handwaving_d4_s1_handwaving_flip.avi,1,123,223,handwaving,T
person11_handwaving_d4,person11_handwaving_d4_uncomp.avi,person11_handwaving_d4_s2_handwaving_original.avi,2,224,358,handwaving,F
person11_handwaving_d4,person11_handwaving_d4_uncomp.avi,person11_handwaving_d4_s2_handwaving_flip.avi,2,224,358,handwaving,T
person11_handwaving_d4,person11_handwaving_d4_uncomp.avi,person11_handwaving_d4_s3_handwaving_original.avi,3,359,456,handwaving,F
person11_handwaving_d4,person11_handwaving_d4_uncomp.avi,person11_handwaving_d4_s3_handwaving_flip.avi,3,359,456,handwaving,T
person11_jogging_d1,person11_jogging_d1_uncomp.avi,person11_jogging_d1_s0_jogging_original.avi,0,1,60,jogging,F
person11_jogging_d1,person11_jogging_d1_uncomp.avi,person11_jogging_d1_s0_jogging_flip.avi,0,1,60,jogging,T
person11_jogging_d1,person11_jogging_d1_uncomp.avi,person11_empty_d1_s0_jogging_original.avi,1,61,114,empty,F
person11_jogging_d1,person11_jogging_d1_uncomp.avi,person11_empty_d1_s0_jogging_flip.avi,1,61,114,empty,T
person11_jogging_d1,person11_jogging_d1_uncomp.avi,person11_jogging_d1_s1_jogging_original.avi,2,115,175,jogging,F
person11_jogging_d1,person11_jogging_d1_uncomp.avi,person11_jogging_d1_s1_jogging_flip.avi,2,115,175,jogging,T
person11_jogging_d1,person11_jogging_d1_uncomp.avi,person11_empty_d1_s1_jogging_original.avi,3,176,231,empty,F
person11_jogging_d1,person11_jogging_d1_uncomp.avi,person11_empty_d1_s1_jogging_flip.avi,3,176,231,empty,T
person11_jogging_d1,person11_jogging_d1_uncomp.avi,person11_jogging_d1_s2_jogging_original.avi,4,232,288,jogging,F
person11_jogging_d1,person11_jogging_d1_uncomp.avi,person11_jogging_d1_s2_jogging_flip.avi,4,232,288,jogging,T
person11_jogging_d1,person11_jogging_d1_uncomp.avi,person11_empty_d1_s2_jogging_original.avi,5,289,334,empty,F
person11_jogging_d1,person11_jogging_d1_uncomp.avi,person11_empty_d1_s2_jogging_flip.avi,5,289,334,empty,T
person11_jogging_d1,person11_jogging_d1_uncomp.avi,person11_jogging_d1_s3_jogging_original.avi,6,335,400,jogging,F
person11_jogging_d1,person11_jogging_d1_uncomp.avi,person11_jogging_d1_s3_jogging_flip.avi,6,335,400,jogging,T
person11_jogging_d2,person11_jogging_d2_uncomp.avi,person11_jogging_d2_s0_jogging_original.avi,0,1,70,jogging,F
person11_jogging_d2,person11_jogging_d2_uncomp.avi,person11_jogging_d2_s0_jogging_flip.avi,0,1,70,jogging,T
person11_jogging_d2,person11_jogging_d2_uncomp.avi,person11_empty_d2_s0_jogging_original.avi,1,71,124,empty,F
person11_jogging_d2,person11_jogging_d2_uncomp.avi,person11_empty_d2_s0_jogging_flip.avi,1,71,124,empty,T
person11_jogging_d2,person11_jogging_d2_uncomp.avi,person11_jogging_d2_s1_jogging_original.avi,2,125,200,jogging,F
person11_jogging_d2,person11_jogging_d2_uncomp.avi,person11_jogging_d2_s1_jogging_flip.avi,2,125,200,jogging,T
person11_jogging_d2,person11_jogging_d2_uncomp.avi,person11_empty_d2_s1_jogging_original.avi,3,201,255,empty,F
person11_jogging_d2,person11_jogging_d2_uncomp.avi,person11_empty_d2_s1_jogging_flip.avi,3,201,255,empty,T
person11_jogging_d2,person11_jogging_d2_uncomp.avi,person11_jogging_d2_s2_jogging_original.avi,4,256,325,jogging,F
person11_jogging_d2,person11_jogging_d2_uncomp.avi,person11_jogging_d2_s2_jogging_flip.avi,4,256,325,jogging,T
person11_jogging_d2,person11_jogging_d2_uncomp.avi,person11_empty_d2_s2_jogging_original.avi,5,326,377,empty,F
person11_jogging_d2,person11_jogging_d2_uncomp.avi,person11_empty_d2_s2_jogging_flip.avi,5,326,377,empty,T
person11_jogging_d2,person11_jogging_d2_uncomp.avi,person11_jogging_d2_s3_jogging_original.avi,6,378,450,jogging,F
person11_jogging_d2,person11_jogging_d2_uncomp.avi,person11_jogging_d2_s3_jogging_flip.avi,6,378,450,jogging,T
person11_jogging_d3,person11_jogging_d3_uncomp.avi,person11_jogging_d3_s0_jogging_original.avi,0,1,60,jogging,F
person11_jogging_d3,person11_jogging_d3_uncomp.avi,person11_jogging_d3_s0_jogging_flip.avi,0,1,60,jogging,T
person11_jogging_d3,person11_jogging_d3_uncomp.avi,person11_empty_d3_s0_jogging_original.avi,1,61,129,empty,F
person11_jogging_d3,person11_jogging_d3_uncomp.avi,person11_empty_d3_s0_jogging_flip.avi,1,61,129,empty,T
person11_jogging_d3,person11_jogging_d3_uncomp.avi,person11_jogging_d3_s1_jogging_original.avi,2,130,178,jogging,F
person11_jogging_d3,person11_jogging_d3_uncomp.avi,person11_jogging_d3_s1_jogging_flip.avi,2,130,178,jogging,T
person11_jogging_d3,person11_jogging_d3_uncomp.avi,person11_empty_d3_s1_jogging_original.avi,3,179,249,empty,F
person11_jogging_d3,person11_jogging_d3_uncomp.avi,person11_empty_d3_s1_jogging_flip.avi,3,179,249,empty,T
person11_jogging_d3,person11_jogging_d3_uncomp.avi,person11_jogging_d3_s2_jogging_original.avi,4,250,305,jogging,F
person11_jogging_d3,person11_jogging_d3_uncomp.avi,person11_jogging_d3_s2_jogging_flip.avi,4,250,305,jogging,T
person11_jogging_d3,person11_jogging_d3_uncomp.avi,person11_empty_d3_s2_jogging_original.avi,5,306,364,empty,F
person11_jogging_d3,person11_jogging_d3_uncomp.avi,person11_empty_d3_s2_jogging_flip.avi,5,306,364,empty,T
person11_jogging_d3,person11_jogging_d3_uncomp.avi,person11_jogging_d3_s3_jogging_original.avi,6,365,415,jogging,F
person11_jogging_d3,person11_jogging_d3_uncomp.avi,person11_jogging_d3_s3_jogging_flip.avi,6,365,415,jogging,T
person11_jogging_d4,person11_jogging_d4_uncomp.avi,person11_jogging_d4_s0_jogging_original.avi,0,1,60,jogging,F
person11_jogging_d4,person11_jogging_d4_uncomp.avi,person11_jogging_d4_s0_jogging_flip.avi,0,1,60,jogging,T
person11_jogging_d4,person11_jogging_d4_uncomp.avi,person11_empty_d4_s0_jogging_original.avi,1,61,97,empty,F
person11_jogging_d4,person11_jogging_d4_uncomp.avi,person11_empty_d4_s0_jogging_flip.avi,1,61,97,empty,T
person11_jogging_d4,person11_jogging_d4_uncomp.avi,person11_jogging_d4_s1_jogging_original.avi,2,98,158,jogging,F
person11_jogging_d4,person11_jogging_d4_uncomp.avi,person11_jogging_d4_s1_jogging_flip.avi,2,98,158,jogging,T
person11_jogging_d4,person11_jogging_d4_uncomp.avi,person11_empty_d4_s1_jogging_original.avi,3,159,214,empty,F
person11_jogging_d4,person11_jogging_d4_uncomp.avi,person11_empty_d4_s1_jogging_flip.avi,3,159,214,empty,T
person11_jogging_d4,person11_jogging_d4_uncomp.avi,person11_jogging_d4_s2_jogging_original.avi,4,215,285,jogging,F
person11_jogging_d4,person11_jogging_d4_uncomp.avi,person11_jogging_d4_s2_jogging_flip.avi,4,215,285,jogging,T
person11_jogging_d4,person11_jogging_d4_uncomp.avi,person11_empty_d4_s2_jogging_original.avi,5,286,325,empty,F
person11_jogging_d4,person11_jogging_d4_uncomp.avi,person11_empty_d4_s2_jogging_flip.avi,5,286,325,empty,T
person11_jogging_d4,person11_jogging_d4_uncomp.avi,person11_jogging_d4_s3_jogging_original.avi,6,326,390,jogging,F
person11_jogging_d4,person11_jogging_d4_uncomp.avi,person11_jogging_d4_s3_jogging_flip.avi,6,326,390,jogging,T
person11_running_d1,person11_running_d1_uncomp.avi,person11_running_d1_s0_running_original.avi,0,1,35,running,F
person11_running_d1,person11_running_d1_uncomp.avi,person11_running_d1_s0_running_flip.avi,0,1,35,running,T
person11_running_d1,person11_running_d1_uncomp.avi,person11_empty_d1_s0_running_original.avi,1,36,139,empty,F
person11_running_d1,person11_running_d1_uncomp.avi,person11_empty_d1_s0_running_flip.avi,1,36,139,empty,T
person11_running_d1,person11_running_d1_uncomp.avi,person11_running_d1_s1_running_original.avi,2,140,180,running,F
person11_running_d1,person11_running_d1_uncomp.avi,person11_running_d1_s1_running_flip.avi,2,140,180,running,T
person11_running_d1,person11_running_d1_uncomp.avi,person11_empty_d1_s1_running_original.avi,3,181,273,empty,F
person11_running_d1,person11_running_d1_uncomp.avi,person11_empty_d1_s1_running_flip.avi,3,181,273,empty,T
person11_running_d1,person11_running_d1_uncomp.avi,person11_running_d1_s2_running_original.avi,4,274,310,running,F
person11_running_d1,person11_running_d1_uncomp.avi,person11_running_d1_s2_running_flip.avi,4,274,310,running,T
person11_running_d1,person11_running_d1_uncomp.avi,person11_empty_d1_s2_running_original.avi,5,311,414,empty,F
person11_running_d1,person11_running_d1_uncomp.avi,person11_empty_d1_s2_running_flip.avi,5,311,414,empty,T
person11_running_d1,person11_running_d1_uncomp.avi,person11_running_d1_s3_running_original.avi,6,415,450,running,F
person11_running_d1,person11_running_d1_uncomp.avi,person11_running_d1_s3_running_flip.avi,6,415,450,running,T
person11_running_d2,person11_running_d2_uncomp.avi,person11_running_d2_s0_running_original.avi,0,1,45,running,F
person11_running_d2,person11_running_d2_uncomp.avi,person11_running_d2_s0_running_flip.avi,0,1,45,running,T
person11_running_d2,person11_running_d2_uncomp.avi,person11_empty_d2_s0_running_original.avi,1,46,139,empty,F
person11_running_d2,person11_running_d2_uncomp.avi,person11_empty_d2_s0_running_flip.avi,1,46,139,empty,T
person11_running_d2,person11_running_d2_uncomp.avi,person11_running_d2_s1_running_original.avi,2,140,185,running,F
person11_running_d2,person11_running_d2_uncomp.avi,person11_running_d2_s1_running_flip.avi,2,140,185,running,T
person11_running_d2,person11_running_d2_uncomp.avi,person11_empty_d2_s1_running_original.avi,3,186,294,empty,F
person11_running_d2,person11_running_d2_uncomp.avi,person11_empty_d2_s1_running_flip.avi,3,186,294,empty,T
person11_running_d2,person11_running_d2_uncomp.avi,person11_running_d2_s2_running_original.avi,4,295,340,running,F
person11_running_d2,person11_running_d2_uncomp.avi,person11_running_d2_s2_running_flip.avi,4,295,340,running,T
person11_running_d2,person11_running_d2_uncomp.avi,person11_empty_d2_s2_running_original.avi,5,341,429,empty,F
person11_running_d2,person11_running_d2_uncomp.avi,person11_empty_d2_s2_running_flip.avi,5,341,429,empty,T
person11_running_d2,person11_running_d2_uncomp.avi,person11_running_d2_s3_running_original.avi,6,430,475,running,F
person11_running_d2,person11_running_d2_uncomp.avi,person11_running_d2_s3_running_flip.avi,6,430,475,running,T
person11_running_d3,person11_running_d3_uncomp.avi,person11_running_d3_s0_running_original.avi,0,1,35,running,F
person11_running_d3,person11_running_d3_uncomp.avi,person11_running_d3_s0_running_flip.avi,0,1,35,running,T
person11_running_d3,person11_running_d3_uncomp.avi,person11_empty_d3_s0_running_original.avi,1,36,139,empty,F
person11_running_d3,person11_running_d3_uncomp.avi,person11_empty_d3_s0_running_flip.avi,1,36,139,empty,T
person11_running_d3,person11_running_d3_uncomp.avi,person11_running_d3_s1_running_original.avi,2,140,170,running,F
person11_running_d3,person11_running_d3_uncomp.avi,person11_running_d3_s1_running_flip.avi,2,140,170,running,T
person11_running_d3,person11_running_d3_uncomp.avi,person11_empty_d3_s1_running_original.avi,3,171,287,empty,F
person11_running_d3,person11_running_d3_uncomp.avi,person11_empty_d3_s1_running_flip.avi,3,171,287,empty,T
person11_running_d3,person11_running_d3_uncomp.avi,person11_running_d3_s2_running_original.avi,4,288,320,running,F
person11_running_d3,person11_running_d3_uncomp.avi,person11_running_d3_s2_running_flip.avi,4,288,320,running,T
person11_running_d3,person11_running_d3_uncomp.avi,person11_empty_d3_s2_running_original.avi,5,321,429,empty,F
person11_running_d3,person11_running_d3_uncomp.avi,person11_empty_d3_s2_running_flip.avi,5,321,429,empty,T
person11_running_d3,person11_running_d3_uncomp.avi,person11_running_d3_s3_running_original.avi,6,430,460,running,F
person11_running_d3,person11_running_d3_uncomp.avi,person11_running_d3_s3_running_flip.avi,6,430,460,running,T
person11_running_d4,person11_running_d4_uncomp.avi,person11_running_d4_s0_running_original.avi,0,1,45,running,F
person11_running_d4,person11_running_d4_uncomp.avi,person11_running_d4_s0_running_flip.avi,0,1,45,running,T
person11_running_d4,person11_running_d4_uncomp.avi,person11_empty_d4_s0_running_original.avi,1,46,109,empty,F
person11_running_d4,person11_running_d4_uncomp.avi,person11_empty_d4_s0_running_flip.avi,1,46,109,empty,T
person11_running_d4,person11_running_d4_uncomp.avi,person11_running_d4_s1_running_original.avi,2,110,155,running,F
person11_running_d4,person11_running_d4_uncomp.avi,person11_running_d4_s1_running_flip.avi,2,110,155,running,T
person11_running_d4,person11_running_d4_uncomp.avi,person11_empty_d4_s1_running_original.avi,3,156,187,empty,F
person11_running_d4,person11_running_d4_uncomp.avi,person11_empty_d4_s1_running_flip.avi,3,156,187,empty,T
person11_running_d4,person11_running_d4_uncomp.avi,person11_running_d4_s2_running_original.avi,4,188,245,running,F
person11_running_d4,person11_running_d4_uncomp.avi,person11_running_d4_s2_running_flip.avi,4,188,245,running,T
person11_running_d4,person11_running_d4_uncomp.avi,person11_empty_d4_s2_running_original.avi,5,246,279,empty,F
person11_running_d4,person11_running_d4_uncomp.avi,person11_empty_d4_s2_running_flip.avi,5,246,279,empty,T
person11_running_d4,person11_running_d4_uncomp.avi,person11_running_d4_s3_running_original.avi,6,280,320,running,F
person11_running_d4,person11_running_d4_uncomp.avi,person11_running_d4_s3_running_flip.avi,6,280,320,running,T
person11_walking_d1,person11_walking_d1_uncomp.avi,person11_walking_d1_s0_walking_original.avi,0,1,95,walking,F
person11_walking_d1,person11_walking_d1_uncomp.avi,person11_walking_d1_s0_walking_flip.avi,0,1,95,walking,T
person11_walking_d1,person11_walking_d1_uncomp.avi,person11_empty_d1_s0_walking_original.avi,1,96,144,empty,F
person11_walking_d1,person11_walking_d1_uncomp.avi,person11_empty_d1_s0_walking_flip.avi,1,96,144,empty,T
person11_walking_d1,person11_walking_d1_uncomp.avi,person11_walking_d1_s1_walking_original.avi,2,145,245,walking,F
person11_walking_d1,person11_walking_d1_uncomp.avi,person11_walking_d1_s1_walking_flip.avi,2,145,245,walking,T
person11_walking_d1,person11_walking_d1_uncomp.avi,person11_empty_d1_s1_walking_original.avi,3,246,369,empty,F
person11_walking_d1,person11_walking_d1_uncomp.avi,person11_empty_d1_s1_walking_flip.avi,3,246,369,empty,T
person11_walking_d1,person11_walking_d1_uncomp.avi,person11_walking_d1_s2_walking_original.avi,4,370,460,walking,F
person11_walking_d1,person11_walking_d1_uncomp.avi,person11_walking_d1_s2_walking_flip.avi,4,370,460,walking,T
person11_walking_d1,person11_walking_d1_uncomp.avi,person11_empty_d1_s2_walking_original.avi,5,461,524,empty,F
person11_walking_d1,person11_walking_d1_uncomp.avi,person11_empty_d1_s2_walking_flip.avi,5,461,524,empty,T
person11_walking_d1,person11_walking_d1_uncomp.avi,person11_walking_d1_s3_walking_original.avi,6,525,640,walking,F
person11_walking_d1,person11_walking_d1_uncomp.avi,person11_walking_d1_s3_walking_flip.avi,6,525,640,walking,T
person11_walking_d2,person11_walking_d2_uncomp.avi,person11_walking_d2_s0_walking_original.avi,0,1,185,walking,F
person11_walking_d2,person11_walking_d2_uncomp.avi,person11_walking_d2_s0_walking_flip.avi,0,1,185,walking,T
person11_walking_d2,person11_walking_d2_uncomp.avi,person11_empty_d2_s0_walking_original.avi,1,186,259,empty,F
person11_walking_d2,person11_walking_d2_uncomp.avi,person11_empty_d2_s0_walking_flip.avi,1,186,259,empty,T
person11_walking_d2,person11_walking_d2_uncomp.avi,person11_walking_d2_s1_walking_original.avi,2,260,435,walking,F
person11_walking_d2,person11_walking_d2_uncomp.avi,person11_walking_d2_s1_walking_flip.avi,2,260,435,walking,T
person11_walking_d2,person11_walking_d2_uncomp.avi,person11_empty_d2_s1_walking_original.avi,3,436,449,empty,F
person11_walking_d2,person11_walking_d2_uncomp.avi,person11_empty_d2_s1_walking_flip.avi,3,436,449,empty,T
person11_walking_d2,person11_walking_d2_uncomp.avi,person11_walking_d2_s2_walking_original.avi,4,450,605,walking,F
person11_walking_d2,person11_walking_d2_uncomp.avi,person11_walking_d2_s2_walking_flip.avi,4,450,605,walking,T
person11_walking_d2,person11_walking_d2_uncomp.avi,person11_empty_d2_s2_walking_original.avi,5,606,659,empty,F
person11_walking_d2,person11_walking_d2_uncomp.avi,person11_empty_d2_s2_walking_flip.avi,5,606,659,empty,T
person11_walking_d2,person11_walking_d2_uncomp.avi,person11_walking_d2_s3_walking_original.avi,6,660,810,walking,F
person11_walking_d2,person11_walking_d2_uncomp.avi,person11_walking_d2_s3_walking_flip.avi,6,660,810,walking,T
person11_walking_d3,person11_walking_d3_uncomp.avi,person11_walking_d3_s0_walking_original.avi,0,1,90,walking,F
person11_walking_d3,person11_walking_d3_uncomp.avi,person11_walking_d3_s0_walking_flip.avi,0,1,90,walking,T
person11_walking_d3,person11_walking_d3_uncomp.avi,person11_empty_d3_s0_walking_original.avi,1,91,179,empty,F
person11_walking_d3,person11_walking_d3_uncomp.avi,person11_empty_d3_s0_walking_flip.avi,1,91,179,empty,T
person11_walking_d3,person11_walking_d3_uncomp.avi,person11_walking_d3_s1_walking_original.avi,2,180,310,walking,F
person11_walking_d3,person11_walking_d3_uncomp.avi,person11_walking_d3_s1_walking_flip.avi,2,180,310,walking,T
person11_walking_d3,person11_walking_d3_uncomp.avi,person11_empty_d3_s1_walking_original.avi,3,311,384,empty,F
person11_walking_d3,person11_walking_d3_uncomp.avi,person11_empty_d3_s1_walking_flip.avi,3,311,384,empty,T
person11_walking_d3,person11_walking_d3_uncomp.avi,person11_walking_d3_s2_walking_original.avi,4,385,475,walking,F
person11_walking_d3,person11_walking_d3_uncomp.avi,person11_walking_d3_s2_walking_flip.avi,4,385,475,walking,T
person11_walking_d3,person11_walking_d3_uncomp.avi,person11_empty_d3_s2_walking_original.avi,5,476,589,empty,F
person11_walking_d3,person11_walking_d3_uncomp.avi,person11_empty_d3_s2_walking_flip.avi,5,476,589,empty,T
person11_walking_d3,person11_walking_d3_uncomp.avi,person11_walking_d3_s3_walking_original.avi,6,590,680,walking,F
person11_walking_d3,person11_walking_d3_uncomp.avi,person11_walking_d3_s3_walking_flip.avi,6,590,680,walking,T
person11_walking_d4,person11_walking_d4_uncomp.avi,person11_walking_d4_s0_walking_original.avi,0,1,95,walking,F
person11_walking_d4,person11_walking_d4_uncomp.avi,person11_walking_d4_s0_walking_flip.avi,0,1,95,walking,T
person11_walking_d4,person11_walking_d4_uncomp.avi,person11_empty_d4_s0_walking_original.avi,1,96,139,empty,F
person11_walking_d4,person11_walking_d4_uncomp.avi,person11_empty_d4_s0_walking_flip.avi,1,96,139,empty,T
person11_walking_d4,person11_walking_d4_uncomp.avi,person11_walking_d4_s1_walking_original.avi,2,140,235,walking,F
person11_walking_d4,person11_walking_d4_uncomp.avi,person11_walking_d4_s1_walking_flip.avi,2,140,235,walking,T
person11_walking_d4,person11_walking_d4_uncomp.avi,person11_empty_d4_s1_walking_original.avi,3,236,299,empty,F
person11_walking_d4,person11_walking_d4_uncomp.avi,person11_empty_d4_s1_walking_flip.avi,3,236,299,empty,T
person11_walking_d4,person11_walking_d4_uncomp.avi,person11_walking_d4_s2_walking_original.avi,4,300,400,walking,F
person11_walking_d4,person11_walking_d4_uncomp.avi,person11_walking_d4_s2_walking_flip.avi,4,300,400,walking,T
person11_walking_d4,person11_walking_d4_uncomp.avi,person11_empty_d4_s2_walking_original.avi,5,401,431,empty,F
person11_walking_d4,person11_walking_d4_uncomp.avi,person11_empty_d4_s2_walking_flip.avi,5,401,431,empty,T
person11_walking_d4,person11_walking_d4_uncomp.avi,person11_walking_d4_s3_walking_original.avi,6,432,520,walking,F
person11_walking_d4,person11_walking_d4_uncomp.avi,person11_walking_d4_s3_walking_flip.avi,6,432,520,walking,T
person12_boxing_d1,person12_boxing_d1_uncomp.avi,person12_boxing_d1_s0_boxing_original.avi,0,1,137,boxing,F
person12_boxing_d1,person12_boxing_d1_uncomp.avi,person12_boxing_d1_s0_boxing_flip.avi,0,1,137,boxing,T
person12_boxing_d1,person12_boxing_d1_uncomp.avi,person12_boxing_d1_s1_boxing_original.avi,1,138,242,boxing,F
person12_boxing_d1,person12_boxing_d1_uncomp.avi,person12_boxing_d1_s1_boxing_flip.avi,1,138,242,boxing,T
person12_boxing_d1,person12_boxing_d1_uncomp.avi,person12_boxing_d1_s2_boxing_original.avi,2,243,380,boxing,F
person12_boxing_d1,person12_boxing_d1_uncomp.avi,person12_boxing_d1_s2_boxing_flip.avi,2,243,380,boxing,T
person12_boxing_d1,person12_boxing_d1_uncomp.avi,person12_boxing_d1_s3_boxing_original.avi,3,381,590,boxing,F
person12_boxing_d1,person12_boxing_d1_uncomp.avi,person12_boxing_d1_s3_boxing_flip.avi,3,381,590,boxing,T
person12_boxing_d2,person12_boxing_d2_uncomp.avi,person12_boxing_d2_s0_boxing_original.avi,0,1,89,boxing,F
person12_boxing_d2,person12_boxing_d2_uncomp.avi,person12_boxing_d2_s0_boxing_flip.avi,0,1,89,boxing,T
person12_boxing_d2,person12_boxing_d2_uncomp.avi,person12_boxing_d2_s1_boxing_original.avi,1,90,152,boxing,F
person12_boxing_d2,person12_boxing_d2_uncomp.avi,person12_boxing_d2_s1_boxing_flip.avi,1,90,152,boxing,T
person12_boxing_d2,person12_boxing_d2_uncomp.avi,person12_empty_d2_s0_boxing_original.avi,2,153,179,empty,F
person12_boxing_d2,person12_boxing_d2_uncomp.avi,person12_empty_d2_s0_boxing_flip.avi,2,153,179,empty,T
person12_boxing_d2,person12_boxing_d2_uncomp.avi,person12_boxing_d2_s2_boxing_original.avi,3,180,325,boxing,F
person12_boxing_d2,person12_boxing_d2_uncomp.avi,person12_boxing_d2_s2_boxing_flip.avi,3,180,325,boxing,T
person12_boxing_d2,person12_boxing_d2_uncomp.avi,person12_boxing_d2_s3_boxing_original.avi,4,326,687,boxing,F
person12_boxing_d2,person12_boxing_d2_uncomp.avi,person12_boxing_d2_s3_boxing_flip.avi,4,326,687,boxing,T
person12_boxing_d3,person12_boxing_d3_uncomp.avi,person12_boxing_d3_s0_boxing_original.avi,0,1,155,boxing,F
person12_boxing_d3,person12_boxing_d3_uncomp.avi,person12_boxing_d3_s0_boxing_flip.avi,0,1,155,boxing,T
person12_boxing_d3,person12_boxing_d3_uncomp.avi,person12_boxing_d3_s1_boxing_original.avi,1,156,300,boxing,F
person12_boxing_d3,person12_boxing_d3_uncomp.avi,person12_boxing_d3_s1_boxing_flip.avi,1,156,300,boxing,T
person12_boxing_d3,person12_boxing_d3_uncomp.avi,person12_empty_d3_s0_boxing_original.avi,2,301,309,empty,F
person12_boxing_d3,person12_boxing_d3_uncomp.avi,person12_empty_d3_s0_boxing_flip.avi,2,301,309,empty,T
person12_boxing_d3,person12_boxing_d3_uncomp.avi,person12_boxing_d3_s2_boxing_original.avi,3,310,560,boxing,F
person12_boxing_d3,person12_boxing_d3_uncomp.avi,person12_boxing_d3_s2_boxing_flip.avi,3,310,560,boxing,T
person12_boxing_d3,person12_boxing_d3_uncomp.avi,person12_boxing_d3_s3_boxing_original.avi,4,561,701,boxing,F
person12_boxing_d3,person12_boxing_d3_uncomp.avi,person12_boxing_d3_s3_boxing_flip.avi,4,561,701,boxing,T
person12_boxing_d4,person12_boxing_d4_uncomp.avi,person12_boxing_d4_s0_boxing_original.avi,0,1,100,boxing,F
person12_boxing_d4,person12_boxing_d4_uncomp.avi,person12_boxing_d4_s0_boxing_flip.avi,0,1,100,boxing,T
person12_boxing_d4,person12_boxing_d4_uncomp.avi,person12_empty_d4_s0_boxing_original.avi,1,101,135,empty,F
person12_boxing_d4,person12_boxing_d4_uncomp.avi,person12_empty_d4_s0_boxing_flip.avi,1,101,135,empty,T
person12_boxing_d4,person12_boxing_d4_uncomp.avi,person12_boxing_d4_s1_boxing_original.avi,2,136,255,boxing,F
person12_boxing_d4,person12_boxing_d4_uncomp.avi,person12_boxing_d4_s1_boxing_flip.avi,2,136,255,boxing,T
person12_boxing_d4,person12_boxing_d4_uncomp.avi,person12_boxing_d4_s2_boxing_original.avi,3,256,408,boxing,F
person12_boxing_d4,person12_boxing_d4_uncomp.avi,person12_boxing_d4_s2_boxing_flip.avi,3,256,408,boxing,T
person12_boxing_d4,person12_boxing_d4_uncomp.avi,person12_boxing_d4_s3_boxing_original.avi,4,409,519,boxing,F
person12_boxing_d4,person12_boxing_d4_uncomp.avi,person12_boxing_d4_s3_boxing_flip.avi,4,409,519,boxing,T
person12_handclapping_d1,person12_handclapping_d1_uncomp.avi,person12_handclapping_d1_s0_handclapping_original.avi,0,1,125,handclapping,F
person12_handclapping_d1,person12_handclapping_d1_uncomp.avi,person12_handclapping_d1_s0_handclapping_flip.avi,0,1,125,handclapping,T
person12_handclapping_d1,person12_handclapping_d1_uncomp.avi,person12_handclapping_d1_s1_handclapping_original.avi,1,126,220,handclapping,F
person12_handclapping_d1,person12_handclapping_d1_uncomp.avi,person12_handclapping_d1_s1_handclapping_flip.avi,1,126,220,handclapping,T
person12_handclapping_d1,person12_handclapping_d1_uncomp.avi,person12_handclapping_d1_s2_handclapping_original.avi,2,221,316,handclapping,F
person12_handclapping_d1,person12_handclapping_d1_uncomp.avi,person12_handclapping_d1_s2_handclapping_flip.avi,2,221,316,handclapping,T
person12_handclapping_d1,person12_handclapping_d1_uncomp.avi,person12_handclapping_d1_s3_handclapping_original.avi,3,317,392,handclapping,F
person12_handclapping_d1,person12_handclapping_d1_uncomp.avi,person12_handclapping_d1_s3_handclapping_flip.avi,3,317,392,handclapping,T
person12_handclapping_d2,person12_handclapping_d2_uncomp.avi,person12_handclapping_d2_s0_handclapping_original.avi,0,1,150,handclapping,F
person12_handclapping_d2,person12_handclapping_d2_uncomp.avi,person12_handclapping_d2_s0_handclapping_flip.avi,0,1,150,handclapping,T
person12_handclapping_d2,person12_handclapping_d2_uncomp.avi,person12_handclapping_d2_s1_handclapping_original.avi,1,151,268,handclapping,F
person12_handclapping_d2,person12_handclapping_d2_uncomp.avi,person12_handclapping_d2_s1_handclapping_flip.avi,1,151,268,handclapping,T
person12_handclapping_d2,person12_handclapping_d2_uncomp.avi,person12_handclapping_d2_s2_handclapping_original.avi,2,269,360,handclapping,F
person12_handclapping_d2,person12_handclapping_d2_uncomp.avi,person12_handclapping_d2_s2_handclapping_flip.avi,2,269,360,handclapping,T
person12_handclapping_d2,person12_handclapping_d2_uncomp.avi,person12_handclapping_d2_s3_handclapping_original.avi,3,361,460,handclapping,F
person12_handclapping_d2,person12_handclapping_d2_uncomp.avi,person12_handclapping_d2_s3_handclapping_flip.avi,3,361,460,handclapping,T
person12_handclapping_d3,person12_handclapping_d3_uncomp.avi,person12_handclapping_d3_s0_handclapping_original.avi,0,1,123,handclapping,F
person12_handclapping_d3,person12_handclapping_d3_uncomp.avi,person12_handclapping_d3_s0_handclapping_flip.avi,0,1,123,handclapping,T
person12_handclapping_d3,person12_handclapping_d3_uncomp.avi,person12_handclapping_d3_s1_handclapping_original.avi,1,124,215,handclapping,F
person12_handclapping_d3,person12_handclapping_d3_uncomp.avi,person12_handclapping_d3_s1_handclapping_flip.avi,1,124,215,handclapping,T
person12_handclapping_d3,person12_handclapping_d3_uncomp.avi,person12_handclapping_d3_s2_handclapping_original.avi,2,216,310,handclapping,F
person12_handclapping_d3,person12_handclapping_d3_uncomp.avi,person12_handclapping_d3_s2_handclapping_flip.avi,2,216,310,handclapping,T
person12_handclapping_d3,person12_handclapping_d3_uncomp.avi,person12_handclapping_d3_s3_handclapping_original.avi,3,311,471,handclapping,F
person12_handclapping_d3,person12_handclapping_d3_uncomp.avi,person12_handclapping_d3_s3_handclapping_flip.avi,3,311,471,handclapping,T
person12_handclapping_d4,person12_handclapping_d4_uncomp.avi,person12_handclapping_d4_s0_handclapping_original.avi,0,1,133,handclapping,F
person12_handclapping_d4,person12_handclapping_d4_uncomp.avi,person12_handclapping_d4_s0_handclapping_flip.avi,0,1,133,handclapping,T
person12_handclapping_d4,person12_handclapping_d4_uncomp.avi,person12_handclapping_d4_s1_handclapping_original.avi,1,134,238,handclapping,F
person12_handclapping_d4,person12_handclapping_d4_uncomp.avi,person12_handclapping_d4_s1_handclapping_flip.avi,1,134,238,handclapping,T
person12_handclapping_d4,person12_handclapping_d4_uncomp.avi,person12_handclapping_d4_s2_handclapping_original.avi,2,237,344,handclapping,F
person12_handclapping_d4,person12_handclapping_d4_uncomp.avi,person12_handclapping_d4_s2_handclapping_flip.avi,2,237,344,handclapping,T
person12_handclapping_d4,person12_handclapping_d4_uncomp.avi,person12_handclapping_d4_s3_handclapping_original.avi,3,345,479,handclapping,F
person12_handclapping_d4,person12_handclapping_d4_uncomp.avi,person12_handclapping_d4_s3_handclapping_flip.avi,3,345,479,handclapping,T
person12_handwaving_d1,person12_handwaving_d1_uncomp.avi,person12_handwaving_d1_s0_handwaving_original.avi,0,1,168,handwaving,F
person12_handwaving_d1,person12_handwaving_d1_uncomp.avi,person12_handwaving_d1_s0_handwaving_flip.avi,0,1,168,handwaving,T
person12_handwaving_d1,person12_handwaving_d1_uncomp.avi,person12_handwaving_d1_s1_handwaving_original.avi,1,169,285,handwaving,F
person12_handwaving_d1,person12_handwaving_d1_uncomp.avi,person12_handwaving_d1_s1_handwaving_flip.avi,1,169,285,handwaving,T
person12_handwaving_d1,person12_handwaving_d1_uncomp.avi,person12_handwaving_d1_s2_handwaving_original.avi,2,286,518,handwaving,F
person12_handwaving_d1,person12_handwaving_d1_uncomp.avi,person12_handwaving_d1_s2_handwaving_flip.avi,2,286,518,handwaving,T
person12_handwaving_d1,person12_handwaving_d1_uncomp.avi,person12_handwaving_d1_s3_handwaving_original.avi,3,519,672,handwaving,F
person12_handwaving_d1,person12_handwaving_d1_uncomp.avi,person12_handwaving_d1_s3_handwaving_flip.avi,3,519,672,handwaving,T
person12_handwaving_d2,person12_handwaving_d2_uncomp.avi,person12_handwaving_d2_s0_handwaving_original.avi,0,1,112,handwaving,F
person12_handwaving_d2,person12_handwaving_d2_uncomp.avi,person12_handwaving_d2_s0_handwaving_flip.avi,0,1,112,handwaving,T
person12_handwaving_d2,person12_handwaving_d2_uncomp.avi,person12_empty_d2_s0_handwaving_original.avi,1,113,181,empty,F
person12_handwaving_d2,person12_handwaving_d2_uncomp.avi,person12_empty_d2_s0_handwaving_flip.avi,1,113,181,empty,T
person12_handwaving_d2,person12_handwaving_d2_uncomp.avi,person12_handwaving_d2_s1_handwaving_original.avi,2,182,325,handwaving,F
person12_handwaving_d2,person12_handwaving_d2_uncomp.avi,person12_handwaving_d2_s1_handwaving_flip.avi,2,182,325,handwaving,T
person12_handwaving_d2,person12_handwaving_d2_uncomp.avi,person12_handwaving_d2_s2_handwaving_original.avi,3,326,438,handwaving,F
person12_handwaving_d2,person12_handwaving_d2_uncomp.avi,person12_handwaving_d2_s2_handwaving_flip.avi,3,326,438,handwaving,T
person12_handwaving_d2,person12_handwaving_d2_uncomp.avi,person12_handwaving_d2_s3_handwaving_original.avi,4,439,590,handwaving,F
person12_handwaving_d2,person12_handwaving_d2_uncomp.avi,person12_handwaving_d2_s3_handwaving_flip.avi,4,439,590,handwaving,T
person12_handwaving_d3,person12_handwaving_d3_uncomp.avi,person12_handwaving_d3_s0_handwaving_original.avi,0,1,178,handwaving,F
person12_handwaving_d3,person12_handwaving_d3_uncomp.avi,person12_handwaving_d3_s0_handwaving_flip.avi,0,1,178,handwaving,T
person12_handwaving_d3,person12_handwaving_d3_uncomp.avi,person12_handwaving_d3_s1_handwaving_original.avi,1,179,352,handwaving,F
person12_handwaving_d3,person12_handwaving_d3_uncomp.avi,person12_handwaving_d3_s1_handwaving_flip.avi,1,179,352,handwaving,T
person12_handwaving_d3,person12_handwaving_d3_uncomp.avi,person12_handwaving_d3_s2_handwaving_original.avi,2,353,530,handwaving,F
person12_handwaving_d3,person12_handwaving_d3_uncomp.avi,person12_handwaving_d3_s2_handwaving_flip.avi,2,353,530,handwaving,T
person12_handwaving_d3,person12_handwaving_d3_uncomp.avi,person12_handwaving_d3_s3_handwaving_original.avi,3,531,699,handwaving,F
person12_handwaving_d3,person12_handwaving_d3_uncomp.avi,person12_handwaving_d3_s3_handwaving_flip.avi,3,531,699,handwaving,T
person12_handwaving_d4,person12_handwaving_d4_uncomp.avi,person12_handwaving_d4_s0_handwaving_original.avi,0,1,152,handwaving,F
person12_handwaving_d4,person12_handwaving_d4_uncomp.avi,person12_handwaving_d4_s0_handwaving_flip.avi,0,1,152,handwaving,T
person12_handwaving_d4,person12_handwaving_d4_uncomp.avi,person12_handwaving_d4_s1_handwaving_original.avi,1,153,332,handwaving,F
person12_handwaving_d4,person12_handwaving_d4_uncomp.avi,person12_handwaving_d4_s1_handwaving_flip.avi,1,153,332,handwaving,T
person12_handwaving_d4,person12_handwaving_d4_uncomp.avi,person12_handwaving_d4_s2_handwaving_original.avi,2,333,452,handwaving,F
person12_handwaving_d4,person12_handwaving_d4_uncomp.avi,person12_handwaving_d4_s2_handwaving_flip.avi,2,333,452,handwaving,T
person12_handwaving_d4,person12_handwaving_d4_uncomp.avi,person12_handwaving_d4_s3_handwaving_original.avi,3,453,567,handwaving,F
person12_handwaving_d4,person12_handwaving_d4_uncomp.avi,person12_handwaving_d4_s3_handwaving_flip.avi,3,453,567,handwaving,T
person12_jogging_d1,person12_jogging_d1_uncomp.avi,person12_jogging_d1_s0_jogging_original.avi,0,1,80,jogging,F
person12_jogging_d1,person12_jogging_d1_uncomp.avi,person12_jogging_d1_s0_jogging_flip.avi,0,1,80,jogging,T
person12_jogging_d1,person12_jogging_d1_uncomp.avi,person12_empty_d1_s0_jogging_original.avi,1,81,124,empty,F
person12_jogging_d1,person12_jogging_d1_uncomp.avi,person12_empty_d1_s0_jogging_flip.avi,1,81,124,empty,T
person12_jogging_d1,person12_jogging_d1_uncomp.avi,person12_jogging_d1_s1_jogging_original.avi,2,125,175,jogging,F
person12_jogging_d1,person12_jogging_d1_uncomp.avi,person12_jogging_d1_s1_jogging_flip.avi,2,125,175,jogging,T
person12_jogging_d1,person12_jogging_d1_uncomp.avi,person12_empty_d1_s1_jogging_original.avi,3,176,499,empty,F
person12_jogging_d1,person12_jogging_d1_uncomp.avi,person12_empty_d1_s1_jogging_flip.avi,3,176,499,empty,T
person12_jogging_d1,person12_jogging_d1_uncomp.avi,person12_jogging_d1_s2_jogging_original.avi,4,500,550,jogging,F
person12_jogging_d1,person12_jogging_d1_uncomp.avi,person12_jogging_d1_s2_jogging_flip.avi,4,500,550,jogging,T
person12_jogging_d1,person12_jogging_d1_uncomp.avi,person12_empty_d1_s2_jogging_original.avi,5,551,614,empty,F
person12_jogging_d1,person12_jogging_d1_uncomp.avi,person12_empty_d1_s2_jogging_flip.avi,5,551,614,empty,T
person12_jogging_d1,person12_jogging_d1_uncomp.avi,person12_jogging_d1_s3_jogging_original.avi,6,615,660,jogging,F
person12_jogging_d1,person12_jogging_d1_uncomp.avi,person12_jogging_d1_s3_jogging_flip.avi,6,615,660,jogging,T
person12_jogging_d2,person12_jogging_d2_uncomp.avi,person12_jogging_d2_s0_jogging_original.avi,0,1,80,jogging,F
person12_jogging_d2,person12_jogging_d2_uncomp.avi,person12_jogging_d2_s0_jogging_flip.avi,0,1,80,jogging,T
person12_jogging_d2,person12_jogging_d2_uncomp.avi,person12_empty_d2_s0_jogging_original.avi,1,81,139,empty,F
person12_jogging_d2,person12_jogging_d2_uncomp.avi,person12_empty_d2_s0_jogging_flip.avi,1,81,139,empty,T
person12_jogging_d2,person12_jogging_d2_uncomp.avi,person12_jogging_d2_s1_jogging_original.avi,2,140,225,jogging,F
person12_jogging_d2,person12_jogging_d2_uncomp.avi,person12_jogging_d2_s1_jogging_flip.avi,2,140,225,jogging,T
person12_jogging_d2,person12_jogging_d2_uncomp.avi,person12_empty_d2_s1_jogging_original.avi,3,226,284,empty,F
person12_jogging_d2,person12_jogging_d2_uncomp.avi,person12_empty_d2_s1_jogging_flip.avi,3,226,284,empty,T
person12_jogging_d2,person12_jogging_d2_uncomp.avi,person12_jogging_d2_s2_jogging_original.avi,4,285,365,jogging,F
person12_jogging_d2,person12_jogging_d2_uncomp.avi,person12_jogging_d2_s2_jogging_flip.avi,4,285,365,jogging,T
person12_jogging_d2,person12_jogging_d2_uncomp.avi,person12_empty_d2_s2_jogging_original.avi,5,366,424,empty,F
person12_jogging_d2,person12_jogging_d2_uncomp.avi,person12_empty_d2_s2_jogging_flip.avi,5,366,424,empty,T
person12_jogging_d2,person12_jogging_d2_uncomp.avi,person12_jogging_d2_s3_jogging_original.avi,6,425,510,jogging,F
person12_jogging_d2,person12_jogging_d2_uncomp.avi,person12_jogging_d2_s3_jogging_flip.avi,6,425,510,jogging,T
person12_jogging_d3,person12_jogging_d3_uncomp.avi,person12_jogging_d3_s0_jogging_original.avi,0,1,60,jogging,F
person12_jogging_d3,person12_jogging_d3_uncomp.avi,person12_jogging_d3_s0_jogging_flip.avi,0,1,60,jogging,T
person12_jogging_d3,person12_jogging_d3_uncomp.avi,person12_empty_d3_s0_jogging_original.avi,1,61,129,empty,F
person12_jogging_d3,person12_jogging_d3_uncomp.avi,person12_empty_d3_s0_jogging_flip.avi,1,61,129,empty,T
person12_jogging_d3,person12_jogging_d3_uncomp.avi,person12_jogging_d3_s1_jogging_original.avi,2,130,180,jogging,F
person12_jogging_d3,person12_jogging_d3_uncomp.avi,person12_jogging_d3_s1_jogging_flip.avi,2,130,180,jogging,T
person12_jogging_d3,person12_jogging_d3_uncomp.avi,person12_empty_d3_s1_jogging_original.avi,3,181,229,empty,F
person12_jogging_d3,person12_jogging_d3_uncomp.avi,person12_empty_d3_s1_jogging_flip.avi,3,181,229,empty,T
person12_jogging_d3,person12_jogging_d3_uncomp.avi,person12_jogging_d3_s2_jogging_original.avi,4,230,285,jogging,F
person12_jogging_d3,person12_jogging_d3_uncomp.avi,person12_jogging_d3_s2_jogging_flip.avi,4,230,285,jogging,T
person12_jogging_d3,person12_jogging_d3_uncomp.avi,person12_empty_d3_s2_jogging_original.avi,5,286,354,empty,F
person12_jogging_d3,person12_jogging_d3_uncomp.avi,person12_empty_d3_s2_jogging_flip.avi,5,286,354,empty,T
person12_jogging_d3,person12_jogging_d3_uncomp.avi,person12_jogging_d3_s3_jogging_original.avi,6,355,410,jogging,F
person12_jogging_d3,person12_jogging_d3_uncomp.avi,person12_jogging_d3_s3_jogging_flip.avi,6,355,410,jogging,T
person12_jogging_d4,person12_jogging_d4_uncomp.avi,person12_jogging_d4_s0_jogging_original.avi,0,1,80,jogging,F
person12_jogging_d4,person12_jogging_d4_uncomp.avi,person12_jogging_d4_s0_jogging_flip.avi,0,1,80,jogging,T
person12_jogging_d4,person12_jogging_d4_uncomp.avi,person12_empty_d4_s0_jogging_original.avi,1,81,111,empty,F
person12_jogging_d4,person12_jogging_d4_uncomp.avi,person12_empty_d4_s0_jogging_flip.avi,1,81,111,empty,T
person12_jogging_d4,person12_jogging_d4_uncomp.avi,person12_jogging_d4_s1_jogging_original.avi,2,112,180,jogging,F
person12_jogging_d4,person12_jogging_d4_uncomp.avi,person12_jogging_d4_s1_jogging_flip.avi,2,112,180,jogging,T
person12_jogging_d4,person12_jogging_d4_uncomp.avi,person12_jogging_d4_s2_jogging_original.avi,3,181,260,jogging,F
person12_jogging_d4,person12_jogging_d4_uncomp.avi,person12_jogging_d4_s2_jogging_flip.avi,3,181,260,jogging,T
person12_jogging_d4,person12_jogging_d4_uncomp.avi,person12_empty_d4_s1_jogging_original.avi,4,261,291,empty,F
person12_jogging_d4,person12_jogging_d4_uncomp.avi,person12_empty_d4_s1_jogging_flip.avi,4,261,291,empty,T
person12_jogging_d4,person12_jogging_d4_uncomp.avi,person12_jogging_d4_s3_jogging_original.avi,5,292,359,jogging,F
person12_jogging_d4,person12_jogging_d4_uncomp.avi,person12_jogging_d4_s3_jogging_flip.avi,5,292,359,jogging,T
person12_running_d1,person12_running_d1_uncomp.avi,person12_running_d1_s0_running_original.avi,0,1,30,running,F
person12_running_d1,person12_running_d1_uncomp.avi,person12_running_d1_s0_running_flip.avi,0,1,30,running,T
person12_running_d1,person12_running_d1_uncomp.avi,person12_empty_d1_s0_running_original.avi,1,31,74,empty,F
person12_running_d1,person12_running_d1_uncomp.avi,person12_empty_d1_s0_running_flip.avi,1,31,74,empty,T
person12_running_d1,person12_running_d1_uncomp.avi,person12_running_d1_s1_running_original.avi,2,75,105,running,F
person12_running_d1,person12_running_d1_uncomp.avi,person12_running_d1_s1_running_flip.avi,2,75,105,running,T
person12_running_d1,person12_running_d1_uncomp.avi,person12_empty_d1_s1_running_original.avi,3,106,159,empty,F
person12_running_d1,person12_running_d1_uncomp.avi,person12_empty_d1_s1_running_flip.avi,3,106,159,empty,T
person12_running_d1,person12_running_d1_uncomp.avi,person12_running_d1_s2_running_original.avi,4,160,190,running,F
person12_running_d1,person12_running_d1_uncomp.avi,person12_running_d1_s2_running_flip.avi,4,160,190,running,T
person12_running_d1,person12_running_d1_uncomp.avi,person12_empty_d1_s2_running_original.avi,5,191,244,empty,F
person12_running_d1,person12_running_d1_uncomp.avi,person12_empty_d1_s2_running_flip.avi,5,191,244,empty,T
person12_running_d1,person12_running_d1_uncomp.avi,person12_running_d1_s3_running_original.avi,6,245,280,running,F
person12_running_d1,person12_running_d1_uncomp.avi,person12_running_d1_s3_running_flip.avi,6,245,280,running,T
person12_running_d2,person12_running_d2_uncomp.avi,person12_running_d2_s0_running_original.avi,0,1,50,running,F
person12_running_d2,person12_running_d2_uncomp.avi,person12_running_d2_s0_running_flip.avi,0,1,50,running,T
person12_running_d2,person12_running_d2_uncomp.avi,person12_empty_d2_s0_running_original.avi,1,51,99,empty,F
person12_running_d2,person12_running_d2_uncomp.avi,person12_empty_d2_s0_running_flip.avi,1,51,99,empty,T
person12_running_d2,person12_running_d2_uncomp.avi,person12_running_d2_s1_running_original.avi,2,100,150,running,F
person12_running_d2,person12_running_d2_uncomp.avi,person12_running_d2_s1_running_flip.avi,2,100,150,running,T
person12_running_d2,person12_running_d2_uncomp.avi,person12_empty_d2_s1_running_original.avi,3,151,214,empty,F
person12_running_d2,person12_running_d2_uncomp.avi,person12_empty_d2_s1_running_flip.avi,3,151,214,empty,T
person12_running_d2,person12_running_d2_uncomp.avi,person12_running_d2_s2_running_original.avi,4,215,260,running,F
person12_running_d2,person12_running_d2_uncomp.avi,person12_running_d2_s2_running_flip.avi,4,215,260,running,T
person12_running_d2,person12_running_d2_uncomp.avi,person12_empty_d2_s2_running_original.avi,5,261,319,empty,F
person12_running_d2,person12_running_d2_uncomp.avi,person12_empty_d2_s2_running_flip.avi,5,261,319,empty,T
person12_running_d2,person12_running_d2_uncomp.avi,person12_running_d2_s3_running_original.avi,6,320,380,running,F
person12_running_d2,person12_running_d2_uncomp.avi,person12_running_d2_s3_running_flip.avi,6,320,380,running,T
person12_running_d3,person12_running_d3_uncomp.avi,person12_running_d3_s0_running_original.avi,0,1,40,running,F
person12_running_d3,person12_running_d3_uncomp.avi,person12_running_d3_s0_running_flip.avi,0,1,40,running,T
person12_running_d3,person12_running_d3_uncomp.avi,person12_empty_d3_s0_running_original.avi,1,41,99,empty,F
person12_running_d3,person12_running_d3_uncomp.avi,person12_empty_d3_s0_running_flip.avi,1,41,99,empty,T
person12_running_d3,person12_running_d3_uncomp.avi,person12_running_d3_s1_running_original.avi,2,100,135,running,F
person12_running_d3,person12_running_d3_uncomp.avi,person12_running_d3_s1_running_flip.avi,2,100,135,running,T
person12_running_d3,person12_running_d3_uncomp.avi,person12_empty_d3_s1_running_original.avi,3,136,187,empty,F
person12_running_d3,person12_running_d3_uncomp.avi,person12_empty_d3_s1_running_flip.avi,3,136,187,empty,T
person12_running_d3,person12_running_d3_uncomp.avi,person12_running_d3_s2_running_original.avi,4,188,225,running,F
person12_running_d3,person12_running_d3_uncomp.avi,person12_running_d3_s2_running_flip.avi,4,188,225,running,T
person12_running_d3,person12_running_d3_uncomp.avi,person12_empty_d3_s2_running_original.avi,5,226,289,empty,F
person12_running_d3,person12_running_d3_uncomp.avi,person12_empty_d3_s2_running_flip.avi,5,226,289,empty,T
person12_running_d3,person12_running_d3_uncomp.avi,person12_running_d3_s3_running_original.avi,6,290,330,running,F
person12_running_d3,person12_running_d3_uncomp.avi,person12_running_d3_s3_running_flip.avi,6,290,330,running,T
person12_running_d4,person12_running_d4_uncomp.avi,person12_running_d4_s0_running_original.avi,0,1,50,running,F
person12_running_d4,person12_running_d4_uncomp.avi,person12_running_d4_s0_running_flip.avi,0,1,50,running,T
person12_running_d4,person12_running_d4_uncomp.avi,person12_empty_d4_s0_running_original.avi,1,51,89,empty,F
person12_running_d4,person12_running_d4_uncomp.avi,person12_empty_d4_s0_running_flip.avi,1,51,89,empty,T
person12_running_d4,person12_running_d4_uncomp.avi,person12_running_d4_s1_running_original.avi,2,90,135,running,F
person12_running_d4,person12_running_d4_uncomp.avi,person12_running_d4_s1_running_flip.avi,2,90,135,running,T
person12_running_d4,person12_running_d4_uncomp.avi,person12_empty_d4_s1_running_original.avi,3,136,154,empty,F
person12_running_d4,person12_running_d4_uncomp.avi,person12_empty_d4_s1_running_flip.avi,3,136,154,empty,T
person12_running_d4,person12_running_d4_uncomp.avi,person12_running_d4_s2_running_original.avi,4,155,205,running,F
person12_running_d4,person12_running_d4_uncomp.avi,person12_running_d4_s2_running_flip.avi,4,155,205,running,T
person12_running_d4,person12_running_d4_uncomp.avi,person12_empty_d4_s2_running_original.avi,5,206,249,empty,F
person12_running_d4,person12_running_d4_uncomp.avi,person12_empty_d4_s2_running_flip.avi,5,206,249,empty,T
person12_running_d4,person12_running_d4_uncomp.avi,person12_running_d4_s3_running_original.avi,6,250,294,running,F
person12_running_d4,person12_running_d4_uncomp.avi,person12_running_d4_s3_running_flip.avi,6,250,294,running,T
person12_walking_d1,person12_walking_d1_uncomp.avi,person12_walking_d1_s0_walking_original.avi,0,1,80,walking,F
person12_walking_d1,person12_walking_d1_uncomp.avi,person12_walking_d1_s0_walking_flip.avi,0,1,80,walking,T
person12_walking_d1,person12_walking_d1_uncomp.avi,person12_empty_d1_s0_walking_original.avi,1,81,149,empty,F
person12_walking_d1,person12_walking_d1_uncomp.avi,person12_empty_d1_s0_walking_flip.avi,1,81,149,empty,T
person12_walking_d1,person12_walking_d1_uncomp.avi,person12_walking_d1_s1_walking_original.avi,2,150,250,walking,F
person12_walking_d1,person12_walking_d1_uncomp.avi,person12_walking_d1_s1_walking_flip.avi,2,150,250,walking,T
person12_walking_d1,person12_walking_d1_uncomp.avi,person12_empty_d1_s1_walking_original.avi,3,251,319,empty,F
person12_walking_d1,person12_walking_d1_uncomp.avi,person12_empty_d1_s1_walking_flip.avi,3,251,319,empty,T
person12_walking_d1,person12_walking_d1_uncomp.avi,person12_walking_d1_s2_walking_original.avi,4,320,405,walking,F
person12_walking_d1,person12_walking_d1_uncomp.avi,person12_walking_d1_s2_walking_flip.avi,4,320,405,walking,T
person12_walking_d1,person12_walking_d1_uncomp.avi,person12_empty_d1_s2_walking_original.avi,5,406,484,empty,F
person12_walking_d1,person12_walking_d1_uncomp.avi,person12_empty_d1_s2_walking_flip.avi,5,406,484,empty,T
person12_walking_d1,person12_walking_d1_uncomp.avi,person12_walking_d1_s3_walking_original.avi,6,485,570,walking,F
person12_walking_d1,person12_walking_d1_uncomp.avi,person12_walking_d1_s3_walking_flip.avi,6,485,570,walking,T
person12_walking_d2,person12_walking_d2_uncomp.avi,person12_walking_d2_s0_walking_original.avi,0,1,160,walking,F
person12_walking_d2,person12_walking_d2_uncomp.avi,person12_walking_d2_s0_walking_flip.avi,0,1,160,walking,T
person12_walking_d2,person12_walking_d2_uncomp.avi,person12_empty_d2_s0_walking_original.avi,1,161,224,empty,F
person12_walking_d2,person12_walking_d2_uncomp.avi,person12_empty_d2_s0_walking_flip.avi,1,161,224,empty,T
person12_walking_d2,person12_walking_d2_uncomp.avi,person12_walking_d2_s1_walking_original.avi,2,225,400,walking,F
person12_walking_d2,person12_walking_d2_uncomp.avi,person12_walking_d2_s1_walking_flip.avi,2,225,400,walking,T
person12_walking_d2,person12_walking_d2_uncomp.avi,person12_empty_d2_s1_walking_original.avi,3,401,471,empty,F
person12_walking_d2,person12_walking_d2_uncomp.avi,person12_empty_d2_s1_walking_flip.avi,3,401,471,empty,T
person12_walking_d2,person12_walking_d2_uncomp.avi,person12_walking_d2_s2_walking_original.avi,4,472,620,walking,F
person12_walking_d2,person12_walking_d2_uncomp.avi,person12_walking_d2_s2_walking_flip.avi,4,472,620,walking,T
person12_walking_d2,person12_walking_d2_uncomp.avi,person12_empty_d2_s2_walking_original.avi,5,621,689,empty,F
person12_walking_d2,person12_walking_d2_uncomp.avi,person12_empty_d2_s2_walking_flip.avi,5,621,689,empty,T
person12_walking_d2,person12_walking_d2_uncomp.avi,person12_walking_d2_s3_walking_original.avi,6,690,850,walking,F
person12_walking_d2,person12_walking_d2_uncomp.avi,person12_walking_d2_s3_walking_flip.avi,6,690,850,walking,T
person12_walking_d3,person12_walking_d3_uncomp.avi,person12_walking_d3_s0_walking_original.avi,0,1,75,walking,F
person12_walking_d3,person12_walking_d3_uncomp.avi,person12_walking_d3_s0_walking_flip.avi,0,1,75,walking,T
person12_walking_d3,person12_walking_d3_uncomp.avi,person12_empty_d3_s0_walking_original.avi,1,76,209,empty,F
person12_walking_d3,person12_walking_d3_uncomp.avi,person12_empty_d3_s0_walking_flip.avi,1,76,209,empty,T
person12_walking_d3,person12_walking_d3_uncomp.avi,person12_walking_d3_s1_walking_original.avi,2,210,290,walking,F
person12_walking_d3,person12_walking_d3_uncomp.avi,person12_walking_d3_s1_walking_flip.avi,2,210,290,walking,T
person12_walking_d3,person12_walking_d3_uncomp.avi,person12_empty_d3_s1_walking_original.avi,3,291,299,empty,F
person12_walking_d3,person12_walking_d3_uncomp.avi,person12_empty_d3_s1_walking_flip.avi,3,291,299,empty,T
person12_walking_d3,person12_walking_d3_uncomp.avi,person12_walking_d3_s2_walking_original.avi,4,300,385,walking,F
person12_walking_d3,person12_walking_d3_uncomp.avi,person12_walking_d3_s2_walking_flip.avi,4,300,385,walking,T
person12_walking_d3,person12_walking_d3_uncomp.avi,person12_empty_d3_s2_walking_original.avi,5,386,429,empty,F
person12_walking_d3,person12_walking_d3_uncomp.avi,person12_empty_d3_s2_walking_flip.avi,5,386,429,empty,T
person12_walking_d3,person12_walking_d3_uncomp.avi,person12_walking_d3_s3_walking_original.avi,6,430,510,walking,F
person12_walking_d3,person12_walking_d3_uncomp.avi,person12_walking_d3_s3_walking_flip.avi,6,430,510,walking,T
person12_walking_d4,person12_walking_d4_uncomp.avi,person12_walking_d4_s0_walking_original.avi,0,1,125,walking,F
person12_walking_d4,person12_walking_d4_uncomp.avi,person12_walking_d4_s0_walking_flip.avi,0,1,125,walking,T
person12_walking_d4,person12_walking_d4_uncomp.avi,person12_empty_d4_s0_walking_original.avi,1,126,169,empty,F
person12_walking_d4,person12_walking_d4_uncomp.avi,person12_empty_d4_s0_walking_flip.avi,1,126,169,empty,T
person12_walking_d4,person12_walking_d4_uncomp.avi,person12_walking_d4_s1_walking_original.avi,2,170,300,walking,F
person12_walking_d4,person12_walking_d4_uncomp.avi,person12_walking_d4_s1_walking_flip.avi,2,170,300,walking,T
person12_walking_d4,person12_walking_d4_uncomp.avi,person12_empty_d4_s1_walking_original.avi,3,301,319,empty,F
person12_walking_d4,person12_walking_d4_uncomp.avi,person12_empty_d4_s1_walking_flip.avi,3,301,319,empty,T
person12_walking_d4,person12_walking_d4_uncomp.avi,person12_walking_d4_s2_walking_original.avi,4,320,440,walking,F
person12_walking_d4,person12_walking_d4_uncomp.avi,person12_walking_d4_s2_walking_flip.avi,4,320,440,walking,T
person12_walking_d4,person12_walking_d4_uncomp.avi,person12_empty_d4_s2_walking_original.avi,5,441,489,empty,F
person12_walking_d4,person12_walking_d4_uncomp.avi,person12_empty_d4_s2_walking_flip.avi,5,441,489,empty,T
person12_walking_d4,person12_walking_d4_uncomp.avi,person12_walking_d4_s3_walking_original.avi,6,490,640,walking,F
person12_walking_d4,person12_walking_d4_uncomp.avi,person12_walking_d4_s3_walking_flip.avi,6,490,640,walking,T
person13_boxing_d1,person13_boxing_d1_uncomp.avi,person13_boxing_d1_s0_boxing_original.avi,0,1,105,boxing,F
person13_boxing_d1,person13_boxing_d1_uncomp.avi,person13_boxing_d1_s0_boxing_flip.avi,0,1,105,boxing,T
person13_boxing_d1,person13_boxing_d1_uncomp.avi,person13_boxing_d1_s1_boxing_original.avi,1,106,217,boxing,F
person13_boxing_d1,person13_boxing_d1_uncomp.avi,person13_boxing_d1_s1_boxing_flip.avi,1,106,217,boxing,T
person13_boxing_d1,person13_boxing_d1_uncomp.avi,person13_boxing_d1_s2_boxing_original.avi,2,218,330,boxing,F
person13_boxing_d1,person13_boxing_d1_uncomp.avi,person13_boxing_d1_s2_boxing_flip.avi,2,218,330,boxing,T
person13_boxing_d1,person13_boxing_d1_uncomp.avi,person13_boxing_d1_s3_boxing_original.avi,3,331,538,boxing,F
person13_boxing_d1,person13_boxing_d1_uncomp.avi,person13_boxing_d1_s3_boxing_flip.avi,3,331,538,boxing,T
person13_boxing_d2,person13_boxing_d2_uncomp.avi,person13_boxing_d2_s0_boxing_original.avi,0,1,144,boxing,F
person13_boxing_d2,person13_boxing_d2_uncomp.avi,person13_boxing_d2_s0_boxing_flip.avi,0,1,144,boxing,T
person13_boxing_d2,person13_boxing_d2_uncomp.avi,person13_empty_d2_s0_boxing_original.avi,1,145,170,empty,F
person13_boxing_d2,person13_boxing_d2_uncomp.avi,person13_empty_d2_s0_boxing_flip.avi,1,145,170,empty,T
person13_boxing_d2,person13_boxing_d2_uncomp.avi,person13_boxing_d2_s1_boxing_original.avi,2,171,295,boxing,F
person13_boxing_d2,person13_boxing_d2_uncomp.avi,person13_boxing_d2_s1_boxing_flip.avi,2,171,295,boxing,T
person13_boxing_d2,person13_boxing_d2_uncomp.avi,person13_boxing_d2_s2_boxing_original.avi,3,296,415,boxing,F
person13_boxing_d2,person13_boxing_d2_uncomp.avi,person13_boxing_d2_s2_boxing_flip.avi,3,296,415,boxing,T
person13_boxing_d2,person13_boxing_d2_uncomp.avi,person13_boxing_d2_s3_boxing_original.avi,4,416,631,boxing,F
person13_boxing_d2,person13_boxing_d2_uncomp.avi,person13_boxing_d2_s3_boxing_flip.avi,4,416,631,boxing,T
person13_boxing_d3,person13_boxing_d3_uncomp.avi,person13_boxing_d3_s0_boxing_original.avi,0,1,80,boxing,F
person13_boxing_d3,person13_boxing_d3_uncomp.avi,person13_boxing_d3_s0_boxing_flip.avi,0,1,80,boxing,T
person13_boxing_d3,person13_boxing_d3_uncomp.avi,person13_boxing_d3_s1_boxing_original.avi,1,81,212,boxing,F
person13_boxing_d3,person13_boxing_d3_uncomp.avi,person13_boxing_d3_s1_boxing_flip.avi,1,81,212,boxing,T
person13_boxing_d3,person13_boxing_d3_uncomp.avi,person13_boxing_d3_s2_boxing_original.avi,2,213,296,boxing,F
person13_boxing_d3,person13_boxing_d3_uncomp.avi,person13_boxing_d3_s2_boxing_flip.avi,2,213,296,boxing,T
person13_boxing_d3,person13_boxing_d3_uncomp.avi,person13_boxing_d3_s3_boxing_original.avi,3,297,419,boxing,F
person13_boxing_d3,person13_boxing_d3_uncomp.avi,person13_boxing_d3_s3_boxing_flip.avi,3,297,419,boxing,T
person13_boxing_d4,person13_boxing_d4_uncomp.avi,person13_boxing_d4_s0_boxing_original.avi,0,1,109,boxing,F
person13_boxing_d4,person13_boxing_d4_uncomp.avi,person13_boxing_d4_s0_boxing_flip.avi,0,1,109,boxing,T
person13_boxing_d4,person13_boxing_d4_uncomp.avi,person13_boxing_d4_s1_boxing_original.avi,1,110,239,boxing,F
person13_boxing_d4,person13_boxing_d4_uncomp.avi,person13_boxing_d4_s1_boxing_flip.avi,1,110,239,boxing,T
person13_boxing_d4,person13_boxing_d4_uncomp.avi,person13_boxing_d4_s2_boxing_original.avi,2,240,352,boxing,F
person13_boxing_d4,person13_boxing_d4_uncomp.avi,person13_boxing_d4_s2_boxing_flip.avi,2,240,352,boxing,T
person13_boxing_d4,person13_boxing_d4_uncomp.avi,person13_boxing_d4_s3_boxing_original.avi,3,353,420,boxing,F
person13_boxing_d4,person13_boxing_d4_uncomp.avi,person13_boxing_d4_s3_boxing_flip.avi,3,353,420,boxing,T
person13_handclapping_d1,person13_handclapping_d1_uncomp.avi,person13_handclapping_d1_s0_handclapping_original.avi,0,1,124,handclapping,F
person13_handclapping_d1,person13_handclapping_d1_uncomp.avi,person13_handclapping_d1_s0_handclapping_flip.avi,0,1,124,handclapping,T
person13_handclapping_d1,person13_handclapping_d1_uncomp.avi,person13_handclapping_d1_s1_handclapping_original.avi,1,125,223,handclapping,F
person13_handclapping_d1,person13_handclapping_d1_uncomp.avi,person13_handclapping_d1_s1_handclapping_flip.avi,1,125,223,handclapping,T
person13_handclapping_d1,person13_handclapping_d1_uncomp.avi,person13_handclapping_d1_s2_handclapping_original.avi,2,224,322,handclapping,F
person13_handclapping_d1,person13_handclapping_d1_uncomp.avi,person13_handclapping_d1_s2_handclapping_flip.avi,2,224,322,handclapping,T
person13_handclapping_d1,person13_handclapping_d1_uncomp.avi,person13_handclapping_d1_s3_handclapping_original.avi,3,323,396,handclapping,F
person13_handclapping_d1,person13_handclapping_d1_uncomp.avi,person13_handclapping_d1_s3_handclapping_flip.avi,3,323,396,handclapping,T
person13_handclapping_d2,person13_handclapping_d2_uncomp.avi,person13_handclapping_d2_s0_handclapping_original.avi,0,1,100,handclapping,F
person13_handclapping_d2,person13_handclapping_d2_uncomp.avi,person13_handclapping_d2_s0_handclapping_flip.avi,0,1,100,handclapping,T
person13_handclapping_d2,person13_handclapping_d2_uncomp.avi,person13_handclapping_d2_s1_handclapping_original.avi,1,101,275,handclapping,F
person13_handclapping_d2,person13_handclapping_d2_uncomp.avi,person13_handclapping_d2_s1_handclapping_flip.avi,1,101,275,handclapping,T
person13_handclapping_d2,person13_handclapping_d2_uncomp.avi,person13_empty_d2_s0_handclapping_original.avi,2,276,304,empty,F
person13_handclapping_d2,person13_handclapping_d2_uncomp.avi,person13_empty_d2_s0_handclapping_flip.avi,2,276,304,empty,T
person13_handclapping_d2,person13_handclapping_d2_uncomp.avi,person13_handclapping_d2_s2_handclapping_original.avi,3,305,400,handclapping,F
person13_handclapping_d2,person13_handclapping_d2_uncomp.avi,person13_handclapping_d2_s2_handclapping_flip.avi,3,305,400,handclapping,T
person13_handclapping_d2,person13_handclapping_d2_uncomp.avi,person13_handclapping_d2_s3_handclapping_original.avi,4,401,523,handclapping,F
person13_handclapping_d2,person13_handclapping_d2_uncomp.avi,person13_handclapping_d2_s3_handclapping_flip.avi,4,401,523,handclapping,T
person13_handclapping_d4,person13_handclapping_d4_uncomp.avi,person13_handclapping_d4_s0_handclapping_original.avi,0,1,132,handclapping,F
person13_handclapping_d4,person13_handclapping_d4_uncomp.avi,person13_handclapping_d4_s0_handclapping_flip.avi,0,1,132,handclapping,T
person13_handclapping_d4,person13_handclapping_d4_uncomp.avi,person13_handclapping_d4_s1_handclapping_original.avi,1,133,234,handclapping,F
person13_handclapping_d4,person13_handclapping_d4_uncomp.avi,person13_handclapping_d4_s1_handclapping_flip.avi,1,133,234,handclapping,T
person13_handclapping_d4,person13_handclapping_d4_uncomp.avi,person13_handclapping_d4_s2_handclapping_original.avi,2,235,335,handclapping,F
person13_handclapping_d4,person13_handclapping_d4_uncomp.avi,person13_handclapping_d4_s2_handclapping_flip.avi,2,235,335,handclapping,T
person13_handclapping_d4,person13_handclapping_d4_uncomp.avi,person13_handclapping_d4_s3_handclapping_original.avi,3,336,443,handclapping,F
person13_handclapping_d4,person13_handclapping_d4_uncomp.avi,person13_handclapping_d4_s3_handclapping_flip.avi,3,336,443,handclapping,T
person13_handwaving_d1,person13_handwaving_d1_uncomp.avi,person13_handwaving_d1_s0_handwaving_original.avi,0,1,80,handwaving,F
person13_handwaving_d1,person13_handwaving_d1_uncomp.avi,person13_handwaving_d1_s0_handwaving_flip.avi,0,1,80,handwaving,T
person13_handwaving_d1,person13_handwaving_d1_uncomp.avi,person13_empty_d1_s0_handwaving_original.avi,1,81,99,empty,F
person13_handwaving_d1,person13_handwaving_d1_uncomp.avi,person13_empty_d1_s0_handwaving_flip.avi,1,81,99,empty,T
person13_handwaving_d1,person13_handwaving_d1_uncomp.avi,person13_handwaving_d1_s1_handwaving_original.avi,2,100,255,handwaving,F
person13_handwaving_d1,person13_handwaving_d1_uncomp.avi,person13_handwaving_d1_s1_handwaving_flip.avi,2,100,255,handwaving,T
person13_handwaving_d1,person13_handwaving_d1_uncomp.avi,person13_handwaving_d1_s2_handwaving_original.avi,3,256,407,handwaving,F
person13_handwaving_d1,person13_handwaving_d1_uncomp.avi,person13_handwaving_d1_s2_handwaving_flip.avi,3,256,407,handwaving,T
person13_handwaving_d1,person13_handwaving_d1_uncomp.avi,person13_handwaving_d1_s3_handwaving_original.avi,4,408,520,handwaving,F
person13_handwaving_d1,person13_handwaving_d1_uncomp.avi,person13_handwaving_d1_s3_handwaving_flip.avi,4,408,520,handwaving,T
person13_handwaving_d2,person13_handwaving_d2_uncomp.avi,person13_handwaving_d2_s0_handwaving_original.avi,0,1,116,handwaving,F
person13_handwaving_d2,person13_handwaving_d2_uncomp.avi,person13_handwaving_d2_s0_handwaving_flip.avi,0,1,116,handwaving,T
person13_handwaving_d2,person13_handwaving_d2_uncomp.avi,person13_handwaving_d2_s1_handwaving_original.avi,1,117,225,handwaving,F
person13_handwaving_d2,person13_handwaving_d2_uncomp.avi,person13_handwaving_d2_s1_handwaving_flip.avi,1,117,225,handwaving,T
person13_handwaving_d2,person13_handwaving_d2_uncomp.avi,person13_handwaving_d2_s2_handwaving_original.avi,2,226,333,handwaving,F
person13_handwaving_d2,person13_handwaving_d2_uncomp.avi,person13_handwaving_d2_s2_handwaving_flip.avi,2,226,333,handwaving,T
person13_handwaving_d2,person13_handwaving_d2_uncomp.avi,person13_handwaving_d2_s3_handwaving_original.avi,3,334,492,handwaving,F
person13_handwaving_d2,person13_handwaving_d2_uncomp.avi,person13_handwaving_d2_s3_handwaving_flip.avi,3,334,492,handwaving,T
person13_handwaving_d3,person13_handwaving_d3_uncomp.avi,person13_handwaving_d3_s0_handwaving_original.avi,0,1,125,handwaving,F
person13_handwaving_d3,person13_handwaving_d3_uncomp.avi,person13_handwaving_d3_s0_handwaving_flip.avi,0,1,125,handwaving,T
person13_handwaving_d3,person13_handwaving_d3_uncomp.avi,person13_handwaving_d3_s1_handwaving_original.avi,1,126,240,handwaving,F
person13_handwaving_d3,person13_handwaving_d3_uncomp.avi,person13_handwaving_d3_s1_handwaving_flip.avi,1,126,240,handwaving,T
person13_handwaving_d3,person13_handwaving_d3_uncomp.avi,person13_handwaving_d3_s2_handwaving_original.avi,2,241,336,handwaving,F
person13_handwaving_d3,person13_handwaving_d3_uncomp.avi,person13_handwaving_d3_s2_handwaving_flip.avi,2,241,336,handwaving,T
person13_handwaving_d4,person13_handwaving_d4_uncomp.avi,person13_handwaving_d4_s0_handwaving_original.avi,0,1,180,handwaving,F
person13_handwaving_d4,person13_handwaving_d4_uncomp.avi,person13_handwaving_d4_s0_handwaving_flip.avi,0,1,180,handwaving,T
person13_handwaving_d4,person13_handwaving_d4_uncomp.avi,person13_handwaving_d4_s1_handwaving_original.avi,1,181,288,handwaving,F
person13_handwaving_d4,person13_handwaving_d4_uncomp.avi,person13_handwaving_d4_s1_handwaving_flip.avi,1,181,288,handwaving,T
person13_handwaving_d4,person13_handwaving_d4_uncomp.avi,person13_handwaving_d4_s2_handwaving_original.avi,2,289,383,handwaving,F
person13_handwaving_d4,person13_handwaving_d4_uncomp.avi,person13_handwaving_d4_s2_handwaving_flip.avi,2,289,383,handwaving,T
person13_handwaving_d4,person13_handwaving_d4_uncomp.avi,person13_handwaving_d4_s3_handwaving_original.avi,3,384,556,handwaving,F
person13_handwaving_d4,person13_handwaving_d4_uncomp.avi,person13_handwaving_d4_s3_handwaving_flip.avi,3,384,556,handwaving,T
person13_jogging_d1,person13_jogging_d1_uncomp.avi,person13_jogging_d1_s0_jogging_original.avi,0,1,50,jogging,F
person13_jogging_d1,person13_jogging_d1_uncomp.avi,person13_jogging_d1_s0_jogging_flip.avi,0,1,50,jogging,T
person13_jogging_d1,person13_jogging_d1_uncomp.avi,person13_empty_d1_s0_jogging_original.avi,1,51,119,empty,F
person13_jogging_d1,person13_jogging_d1_uncomp.avi,person13_empty_d1_s0_jogging_flip.avi,1,51,119,empty,T
person13_jogging_d1,person13_jogging_d1_uncomp.avi,person13_jogging_d1_s1_jogging_original.avi,2,120,175,jogging,F
person13_jogging_d1,person13_jogging_d1_uncomp.avi,person13_jogging_d1_s1_jogging_flip.avi,2,120,175,jogging,T
person13_jogging_d1,person13_jogging_d1_uncomp.avi,person13_empty_d1_s1_jogging_original.avi,3,176,234,empty,F
person13_jogging_d1,person13_jogging_d1_uncomp.avi,person13_empty_d1_s1_jogging_flip.avi,3,176,234,empty,T
person13_jogging_d1,person13_jogging_d1_uncomp.avi,person13_jogging_d1_s2_jogging_original.avi,4,235,285,jogging,F
person13_jogging_d1,person13_jogging_d1_uncomp.avi,person13_jogging_d1_s2_jogging_flip.avi,4,235,285,jogging,T
person13_jogging_d1,person13_jogging_d1_uncomp.avi,person13_empty_d1_s2_jogging_original.avi,5,286,424,empty,F
person13_jogging_d1,person13_jogging_d1_uncomp.avi,person13_empty_d1_s2_jogging_flip.avi,5,286,424,empty,T
person13_jogging_d1,person13_jogging_d1_uncomp.avi,person13_jogging_d1_s3_jogging_original.avi,6,425,480,jogging,F
person13_jogging_d1,person13_jogging_d1_uncomp.avi,person13_jogging_d1_s3_jogging_flip.avi,6,425,480,jogging,T
person13_jogging_d2,person13_jogging_d2_uncomp.avi,person13_jogging_d2_s0_jogging_original.avi,0,1,65,jogging,F
person13_jogging_d2,person13_jogging_d2_uncomp.avi,person13_jogging_d2_s0_jogging_flip.avi,0,1,65,jogging,T
person13_jogging_d2,person13_jogging_d2_uncomp.avi,person13_empty_d2_s0_jogging_original.avi,1,66,174,empty,F
person13_jogging_d2,person13_jogging_d2_uncomp.avi,person13_empty_d2_s0_jogging_flip.avi,1,66,174,empty,T
person13_jogging_d2,person13_jogging_d2_uncomp.avi,person13_jogging_d2_s1_jogging_original.avi,2,175,245,jogging,F
person13_jogging_d2,person13_jogging_d2_uncomp.avi,person13_jogging_d2_s1_jogging_flip.avi,2,175,245,jogging,T
person13_jogging_d2,person13_jogging_d2_uncomp.avi,person13_empty_d2_s1_jogging_original.avi,3,246,324,empty,F
person13_jogging_d2,person13_jogging_d2_uncomp.avi,person13_empty_d2_s1_jogging_flip.avi,3,246,324,empty,T
person13_jogging_d2,person13_jogging_d2_uncomp.avi,person13_jogging_d2_s2_jogging_original.avi,4,325,400,jogging,F
person13_jogging_d2,person13_jogging_d2_uncomp.avi,person13_jogging_d2_s2_jogging_flip.avi,4,325,400,jogging,T
person13_jogging_d2,person13_jogging_d2_uncomp.avi,person13_empty_d2_s2_jogging_original.avi,5,401,504,empty,F
person13_jogging_d2,person13_jogging_d2_uncomp.avi,person13_empty_d2_s2_jogging_flip.avi,5,401,504,empty,T
person13_jogging_d2,person13_jogging_d2_uncomp.avi,person13_jogging_d2_s3_jogging_original.avi,6,505,585,jogging,F
person13_jogging_d2,person13_jogging_d2_uncomp.avi,person13_jogging_d2_s3_jogging_flip.avi,6,505,585,jogging,T
person13_jogging_d3,person13_jogging_d3_uncomp.avi,person13_jogging_d3_s0_jogging_original.avi,0,1,55,jogging,F
person13_jogging_d3,person13_jogging_d3_uncomp.avi,person13_jogging_d3_s0_jogging_flip.avi,0,1,55,jogging,T
person13_jogging_d3,person13_jogging_d3_uncomp.avi,person13_empty_d3_s0_jogging_original.avi,1,56,134,empty,F
person13_jogging_d3,person13_jogging_d3_uncomp.avi,person13_empty_d3_s0_jogging_flip.avi,1,56,134,empty,T
person13_jogging_d3,person13_jogging_d3_uncomp.avi,person13_jogging_d3_s1_jogging_original.avi,2,135,190,jogging,F
person13_jogging_d3,person13_jogging_d3_uncomp.avi,person13_jogging_d3_s1_jogging_flip.avi,2,135,190,jogging,T
person13_jogging_d3,person13_jogging_d3_uncomp.avi,person13_empty_d3_s1_jogging_original.avi,3,191,264,empty,F
person13_jogging_d3,person13_jogging_d3_uncomp.avi,person13_empty_d3_s1_jogging_flip.avi,3,191,264,empty,T
person13_jogging_d3,person13_jogging_d3_uncomp.avi,person13_jogging_d3_s2_jogging_original.avi,4,265,320,jogging,F
person13_jogging_d3,person13_jogging_d3_uncomp.avi,person13_jogging_d3_s2_jogging_flip.avi,4,265,320,jogging,T
person13_jogging_d3,person13_jogging_d3_uncomp.avi,person13_empty_d3_s2_jogging_original.avi,5,321,424,empty,F
person13_jogging_d3,person13_jogging_d3_uncomp.avi,person13_empty_d3_s2_jogging_flip.avi,5,321,424,empty,T
person13_jogging_d3,person13_jogging_d3_uncomp.avi,person13_jogging_d3_s3_jogging_original.avi,6,425,480,jogging,F
person13_jogging_d3,person13_jogging_d3_uncomp.avi,person13_jogging_d3_s3_jogging_flip.avi,6,425,480,jogging,T
person13_jogging_d4,person13_jogging_d4_uncomp.avi,person13_jogging_d4_s0_jogging_original.avi,0,1,75,jogging,F
person13_jogging_d4,person13_jogging_d4_uncomp.avi,person13_jogging_d4_s0_jogging_flip.avi,0,1,75,jogging,T
person13_jogging_d4,person13_jogging_d4_uncomp.avi,person13_empty_d4_s0_jogging_original.avi,1,76,119,empty,F
person13_jogging_d4,person13_jogging_d4_uncomp.avi,person13_empty_d4_s0_jogging_flip.avi,1,76,119,empty,T
person13_jogging_d4,person13_jogging_d4_uncomp.avi,person13_jogging_d4_s1_jogging_original.avi,2,120,190,jogging,F
person13_jogging_d4,person13_jogging_d4_uncomp.avi,person13_jogging_d4_s1_jogging_flip.avi,2,120,190,jogging,T
person13_jogging_d4,person13_jogging_d4_uncomp.avi,person13_empty_d4_s1_jogging_original.avi,3,191,234,empty,F
person13_jogging_d4,person13_jogging_d4_uncomp.avi,person13_empty_d4_s1_jogging_flip.avi,3,191,234,empty,T
person13_jogging_d4,person13_jogging_d4_uncomp.avi,person13_jogging_d4_s2_jogging_original.avi,4,235,310,jogging,F
person13_jogging_d4,person13_jogging_d4_uncomp.avi,person13_jogging_d4_s2_jogging_flip.avi,4,235,310,jogging,T
person13_jogging_d4,person13_jogging_d4_uncomp.avi,person13_empty_d4_s2_jogging_original.avi,5,311,354,empty,F
person13_jogging_d4,person13_jogging_d4_uncomp.avi,person13_empty_d4_s2_jogging_flip.avi,5,311,354,empty,T
person13_jogging_d4,person13_jogging_d4_uncomp.avi,person13_jogging_d4_s3_jogging_original.avi,6,355,435,jogging,F
person13_jogging_d4,person13_jogging_d4_uncomp.avi,person13_jogging_d4_s3_jogging_flip.avi,6,355,435,jogging,T
person13_running_d1,person13_running_d1_uncomp.avi,person13_running_d1_s0_running_original.avi,0,1,45,running,F
person13_running_d1,person13_running_d1_uncomp.avi,person13_running_d1_s0_running_flip.avi,0,1,45,running,T
person13_running_d1,person13_running_d1_uncomp.avi,person13_empty_d1_s0_running_original.avi,1,46,164,empty,F
person13_running_d1,person13_running_d1_uncomp.avi,person13_empty_d1_s0_running_flip.avi,1,46,164,empty,T
person13_running_d1,person13_running_d1_uncomp.avi,person13_running_d1_s1_running_original.avi,2,165,210,running,F
person13_running_d1,person13_running_d1_uncomp.avi,person13_running_d1_s1_running_flip.avi,2,165,210,running,T
person13_running_d1,person13_running_d1_uncomp.avi,person13_empty_d1_s1_running_original.avi,3,211,254,empty,F
person13_running_d1,person13_running_d1_uncomp.avi,person13_empty_d1_s1_running_flip.avi,3,211,254,empty,T
person13_running_d1,person13_running_d1_uncomp.avi,person13_running_d1_s2_running_original.avi,4,255,300,running,F
person13_running_d1,person13_running_d1_uncomp.avi,person13_running_d1_s2_running_flip.avi,4,255,300,running,T
person13_running_d1,person13_running_d1_uncomp.avi,person13_empty_d1_s2_running_original.avi,5,301,414,empty,F
person13_running_d1,person13_running_d1_uncomp.avi,person13_empty_d1_s2_running_flip.avi,5,301,414,empty,T
person13_running_d1,person13_running_d1_uncomp.avi,person13_running_d1_s3_running_original.avi,6,415,465,running,F
person13_running_d1,person13_running_d1_uncomp.avi,person13_running_d1_s3_running_flip.avi,6,415,465,running,T
person13_running_d2,person13_running_d2_uncomp.avi,person13_running_d2_s0_running_original.avi,0,1,55,running,F
person13_running_d2,person13_running_d2_uncomp.avi,person13_running_d2_s0_running_flip.avi,0,1,55,running,T
person13_running_d2,person13_running_d2_uncomp.avi,person13_empty_d2_s0_running_original.avi,1,56,149,empty,F
person13_running_d2,person13_running_d2_uncomp.avi,person13_empty_d2_s0_running_flip.avi,1,56,149,empty,T
person13_running_d2,person13_running_d2_uncomp.avi,person13_running_d2_s1_running_original.avi,2,150,210,running,F
person13_running_d2,person13_running_d2_uncomp.avi,person13_running_d2_s1_running_flip.avi,2,150,210,running,T
person13_running_d2,person13_running_d2_uncomp.avi,person13_empty_d2_s1_running_original.avi,3,211,264,empty,F
person13_running_d2,person13_running_d2_uncomp.avi,person13_empty_d2_s1_running_flip.avi,3,211,264,empty,T
person13_running_d2,person13_running_d2_uncomp.avi,person13_running_d2_s2_running_original.avi,4,265,325,running,F
person13_running_d2,person13_running_d2_uncomp.avi,person13_running_d2_s2_running_flip.avi,4,265,325,running,T
person13_running_d2,person13_running_d2_uncomp.avi,person13_empty_d2_s2_running_original.avi,5,326,419,empty,F
person13_running_d2,person13_running_d2_uncomp.avi,person13_empty_d2_s2_running_flip.avi,5,326,419,empty,T
person13_running_d2,person13_running_d2_uncomp.avi,person13_running_d2_s3_running_original.avi,6,420,485,running,F
person13_running_d2,person13_running_d2_uncomp.avi,person13_running_d2_s3_running_flip.avi,6,420,485,running,T
person13_running_d3,person13_running_d3_uncomp.avi,person13_running_d3_s0_running_original.avi,0,1,50,running,F
person13_running_d3,person13_running_d3_uncomp.avi,person13_running_d3_s0_running_flip.avi,0,1,50,running,T
person13_running_d3,person13_running_d3_uncomp.avi,person13_empty_d3_s0_running_original.avi,1,51,139,empty,F
person13_running_d3,person13_running_d3_uncomp.avi,person13_empty_d3_s0_running_flip.avi,1,51,139,empty,T
person13_running_d3,person13_running_d3_uncomp.avi,person13_running_d3_s1_running_original.avi,2,140,185,running,F
person13_running_d3,person13_running_d3_uncomp.avi,person13_running_d3_s1_running_flip.avi,2,140,185,running,T
person13_running_d3,person13_running_d3_uncomp.avi,person13_empty_d3_s1_running_original.avi,3,186,254,empty,F
person13_running_d3,person13_running_d3_uncomp.avi,person13_empty_d3_s1_running_flip.avi,3,186,254,empty,T
person13_running_d3,person13_running_d3_uncomp.avi,person13_running_d3_s2_running_original.avi,4,255,300,running,F
person13_running_d3,person13_running_d3_uncomp.avi,person13_running_d3_s2_running_flip.avi,4,255,300,running,T
person13_running_d3,person13_running_d3_uncomp.avi,person13_empty_d3_s2_running_original.avi,5,301,399,empty,F
person13_running_d3,person13_running_d3_uncomp.avi,person13_empty_d3_s2_running_flip.avi,5,301,399,empty,T
person13_running_d3,person13_running_d3_uncomp.avi,person13_running_d3_s3_running_original.avi,6,400,450,running,F
person13_running_d3,person13_running_d3_uncomp.avi,person13_running_d3_s3_running_flip.avi,6,400,450,running,T
person13_running_d4,person13_running_d4_uncomp.avi,person13_running_d4_s0_running_original.avi,0,1,65,running,F
person13_running_d4,person13_running_d4_uncomp.avi,person13_running_d4_s0_running_flip.avi,0,1,65,running,T
person13_running_d4,person13_running_d4_uncomp.avi,person13_empty_d4_s0_running_original.avi,1,66,109,empty,F
person13_running_d4,person13_running_d4_uncomp.avi,person13_empty_d4_s0_running_flip.avi,1,66,109,empty,T
person13_running_d4,person13_running_d4_uncomp.avi,person13_running_d4_s1_running_original.avi,2,110,170,running,F
person13_running_d4,person13_running_d4_uncomp.avi,person13_running_d4_s1_running_flip.avi,2,110,170,running,T
person13_running_d4,person13_running_d4_uncomp.avi,person13_empty_d4_s1_running_original.avi,3,171,191,empty,F
person13_running_d4,person13_running_d4_uncomp.avi,person13_empty_d4_s1_running_flip.avi,3,171,191,empty,T
person13_running_d4,person13_running_d4_uncomp.avi,person13_running_d4_s2_running_original.avi,4,192,260,running,F
person13_running_d4,person13_running_d4_uncomp.avi,person13_running_d4_s2_running_flip.avi,4,192,260,running,T
person13_running_d4,person13_running_d4_uncomp.avi,person13_empty_d4_s2_running_original.avi,5,261,294,empty,F
person13_running_d4,person13_running_d4_uncomp.avi,person13_empty_d4_s2_running_flip.avi,5,261,294,empty,T
person13_running_d4,person13_running_d4_uncomp.avi,person13_running_d4_s3_running_original.avi,6,295,351,running,F
person13_running_d4,person13_running_d4_uncomp.avi,person13_running_d4_s3_running_flip.avi,6,295,351,running,T
person13_walking_d1,person13_walking_d1_uncomp.avi,person13_walking_d1_s0_walking_original.avi,0,1,90,walking,F
person13_walking_d1,person13_walking_d1_uncomp.avi,person13_walking_d1_s0_walking_flip.avi,0,1,90,walking,T
person13_walking_d1,person13_walking_d1_uncomp.avi,person13_empty_d1_s0_walking_original.avi,1,91,184,empty,F
person13_walking_d1,person13_walking_d1_uncomp.avi,person13_empty_d1_s0_walking_flip.avi,1,91,184,empty,T
person13_walking_d1,person13_walking_d1_uncomp.avi,person13_walking_d1_s1_walking_original.avi,2,185,290,walking,F
person13_walking_d1,person13_walking_d1_uncomp.avi,person13_walking_d1_s1_walking_flip.avi,2,185,290,walking,T
person13_walking_d1,person13_walking_d1_uncomp.avi,person13_empty_d1_s1_walking_original.avi,3,291,334,empty,F
person13_walking_d1,person13_walking_d1_uncomp.avi,person13_empty_d1_s1_walking_flip.avi,3,291,334,empty,T
person13_walking_d1,person13_walking_d1_uncomp.avi,person13_walking_d1_s2_walking_original.avi,4,335,430,walking,F
person13_walking_d1,person13_walking_d1_uncomp.avi,person13_walking_d1_s2_walking_flip.avi,4,335,430,walking,T
person13_walking_d1,person13_walking_d1_uncomp.avi,person13_empty_d1_s2_walking_original.avi,5,431,584,empty,F
person13_walking_d1,person13_walking_d1_uncomp.avi,person13_empty_d1_s2_walking_flip.avi,5,431,584,empty,T
person13_walking_d1,person13_walking_d1_uncomp.avi,person13_walking_d1_s3_walking_original.avi,6,585,690,walking,F
person13_walking_d1,person13_walking_d1_uncomp.avi,person13_walking_d1_s3_walking_flip.avi,6,585,690,walking,T
person13_walking_d2,person13_walking_d2_uncomp.avi,person13_walking_d2_s0_walking_original.avi,0,1,150,walking,F
person13_walking_d2,person13_walking_d2_uncomp.avi,person13_walking_d2_s0_walking_flip.avi,0,1,150,walking,T
person13_walking_d2,person13_walking_d2_uncomp.avi,person13_empty_d2_s0_walking_original.avi,1,151,344,empty,F
person13_walking_d2,person13_walking_d2_uncomp.avi,person13_empty_d2_s0_walking_flip.avi,1,151,344,empty,T
person13_walking_d2,person13_walking_d2_uncomp.avi,person13_walking_d2_s1_walking_original.avi,2,345,485,walking,F
person13_walking_d2,person13_walking_d2_uncomp.avi,person13_walking_d2_s1_walking_flip.avi,2,345,485,walking,T
person13_walking_d2,person13_walking_d2_uncomp.avi,person13_empty_d2_s1_walking_original.avi,3,486,519,empty,F
person13_walking_d2,person13_walking_d2_uncomp.avi,person13_empty_d2_s1_walking_flip.avi,3,486,519,empty,T
person13_walking_d2,person13_walking_d2_uncomp.avi,person13_walking_d2_s2_walking_original.avi,4,520,650,walking,F
person13_walking_d2,person13_walking_d2_uncomp.avi,person13_walking_d2_s2_walking_flip.avi,4,520,650,walking,T
person13_walking_d2,person13_walking_d2_uncomp.avi,person13_empty_d2_s2_walking_original.avi,5,651,799,empty,F
person13_walking_d2,person13_walking_d2_uncomp.avi,person13_empty_d2_s2_walking_flip.avi,5,651,799,empty,T
person13_walking_d2,person13_walking_d2_uncomp.avi,person13_walking_d2_s3_walking_original.avi,6,800,940,walking,F
person13_walking_d2,person13_walking_d2_uncomp.avi,person13_walking_d2_s3_walking_flip.avi,6,800,940,walking,T
person13_walking_d3,person13_walking_d3_uncomp.avi,person13_walking_d3_s0_walking_original.avi,0,1,100,walking,F
person13_walking_d3,person13_walking_d3_uncomp.avi,person13_walking_d3_s0_walking_flip.avi,0,1,100,walking,T
person13_walking_d3,person13_walking_d3_uncomp.avi,person13_empty_d3_s0_walking_original.avi,1,101,204,empty,F
person13_walking_d3,person13_walking_d3_uncomp.avi,person13_empty_d3_s0_walking_flip.avi,1,101,204,empty,T
person13_walking_d3,person13_walking_d3_uncomp.avi,person13_walking_d3_s1_walking_original.avi,2,205,310,walking,F
person13_walking_d3,person13_walking_d3_uncomp.avi,person13_walking_d3_s1_walking_flip.avi,2,205,310,walking,T
person13_walking_d3,person13_walking_d3_uncomp.avi,person13_empty_d3_s1_walking_original.avi,3,311,369,empty,F
person13_walking_d3,person13_walking_d3_uncomp.avi,person13_empty_d3_s1_walking_flip.avi,3,311,369,empty,T
person13_walking_d3,person13_walking_d3_uncomp.avi,person13_walking_d3_s2_walking_original.avi,4,370,470,walking,F
person13_walking_d3,person13_walking_d3_uncomp.avi,person13_walking_d3_s2_walking_flip.avi,4,370,470,walking,T
person13_walking_d3,person13_walking_d3_uncomp.avi,person13_empty_d3_s2_walking_original.avi,5,471,579,empty,F
person13_walking_d3,person13_walking_d3_uncomp.avi,person13_empty_d3_s2_walking_flip.avi,5,471,579,empty,T
person13_walking_d3,person13_walking_d3_uncomp.avi,person13_walking_d3_s3_walking_original.avi,6,580,670,walking,F
person13_walking_d3,person13_walking_d3_uncomp.avi,person13_walking_d3_s3_walking_flip.avi,6,580,670,walking,T
person13_walking_d4,person13_walking_d4_uncomp.avi,person13_walking_d4_s0_walking_original.avi,0,1,120,walking,F
person13_walking_d4,person13_walking_d4_uncomp.avi,person13_walking_d4_s0_walking_flip.avi,0,1,120,walking,T
person13_walking_d4,person13_walking_d4_uncomp.avi,person13_empty_d4_s0_walking_original.avi,1,121,184,empty,F
person13_walking_d4,person13_walking_d4_uncomp.avi,person13_empty_d4_s0_walking_flip.avi,1,121,184,empty,T
person13_walking_d4,person13_walking_d4_uncomp.avi,person13_walking_d4_s1_walking_original.avi,2,185,295,walking,F
person13_walking_d4,person13_walking_d4_uncomp.avi,person13_walking_d4_s1_walking_flip.avi,2,185,295,walking,T
person13_walking_d4,person13_walking_d4_uncomp.avi,person13_empty_d4_s1_walking_original.avi,3,296,334,empty,F
person13_walking_d4,person13_walking_d4_uncomp.avi,person13_empty_d4_s1_walking_flip.avi,3,296,334,empty,T
person13_walking_d4,person13_walking_d4_uncomp.avi,person13_walking_d4_s2_walking_original.avi,4,335,440,walking,F
person13_walking_d4,person13_walking_d4_uncomp.avi,person13_walking_d4_s2_walking_flip.avi,4,335,440,walking,T
person13_walking_d4,person13_walking_d4_uncomp.avi,person13_empty_d4_s2_walking_original.avi,5,441,494,empty,F
person13_walking_d4,person13_walking_d4_uncomp.avi,person13_empty_d4_s2_walking_flip.avi,5,441,494,empty,T
person13_walking_d4,person13_walking_d4_uncomp.avi,person13_walking_d4_s3_walking_original.avi,6,495,600,walking,F
person13_walking_d4,person13_walking_d4_uncomp.avi,person13_walking_d4_s3_walking_flip.avi,6,495,600,walking,T
person14_boxing_d1,person14_boxing_d1_uncomp.avi,person14_boxing_d1_s0_boxing_original.avi,0,1,123,boxing,F
person14_boxing_d1,person14_boxing_d1_uncomp.avi,person14_boxing_d1_s0_boxing_flip.avi,0,1,123,boxing,T
person14_boxing_d1,person14_boxing_d1_uncomp.avi,person14_boxing_d1_s1_boxing_original.avi,1,124,258,boxing,F
person14_boxing_d1,person14_boxing_d1_uncomp.avi,person14_boxing_d1_s1_boxing_flip.avi,1,124,258,boxing,T
person14_boxing_d1,person14_boxing_d1_uncomp.avi,person14_boxing_d1_s2_boxing_original.avi,2,259,444,boxing,F
person14_boxing_d1,person14_boxing_d1_uncomp.avi,person14_boxing_d1_s2_boxing_flip.avi,2,259,444,boxing,T
person14_boxing_d1,person14_boxing_d1_uncomp.avi,person14_boxing_d1_s3_boxing_original.avi,3,445,558,boxing,F
person14_boxing_d1,person14_boxing_d1_uncomp.avi,person14_boxing_d1_s3_boxing_flip.avi,3,445,558,boxing,T
person14_boxing_d2,person14_boxing_d2_uncomp.avi,person14_boxing_d2_s0_boxing_original.avi,0,1,102,boxing,F
person14_boxing_d2,person14_boxing_d2_uncomp.avi,person14_boxing_d2_s0_boxing_flip.avi,0,1,102,boxing,T
person14_boxing_d2,person14_boxing_d2_uncomp.avi,person14_empty_d2_s0_boxing_original.avi,1,103,154,empty,F
person14_boxing_d2,person14_boxing_d2_uncomp.avi,person14_empty_d2_s0_boxing_flip.avi,1,103,154,empty,T
person14_boxing_d2,person14_boxing_d2_uncomp.avi,person14_boxing_d2_s1_boxing_original.avi,2,155,264,boxing,F
person14_boxing_d2,person14_boxing_d2_uncomp.avi,person14_boxing_d2_s1_boxing_flip.avi,2,155,264,boxing,T
person14_boxing_d2,person14_boxing_d2_uncomp.avi,person14_boxing_d2_s2_boxing_original.avi,3,265,415,boxing,F
person14_boxing_d2,person14_boxing_d2_uncomp.avi,person14_boxing_d2_s2_boxing_flip.avi,3,265,415,boxing,T
person14_boxing_d2,person14_boxing_d2_uncomp.avi,person14_boxing_d2_s3_boxing_original.avi,4,416,610,boxing,F
person14_boxing_d2,person14_boxing_d2_uncomp.avi,person14_boxing_d2_s3_boxing_flip.avi,4,416,610,boxing,T
person14_boxing_d3,person14_boxing_d3_uncomp.avi,person14_boxing_d3_s0_boxing_original.avi,0,1,162,boxing,F
person14_boxing_d3,person14_boxing_d3_uncomp.avi,person14_boxing_d3_s0_boxing_flip.avi,0,1,162,boxing,T
person14_boxing_d3,person14_boxing_d3_uncomp.avi,person14_boxing_d3_s1_boxing_original.avi,1,163,322,boxing,F
person14_boxing_d3,person14_boxing_d3_uncomp.avi,person14_boxing_d3_s1_boxing_flip.avi,1,163,322,boxing,T
person14_boxing_d3,person14_boxing_d3_uncomp.avi,person14_boxing_d3_s2_boxing_original.avi,2,323,423,boxing,F
person14_boxing_d3,person14_boxing_d3_uncomp.avi,person14_boxing_d3_s2_boxing_flip.avi,2,323,423,boxing,T
person14_boxing_d3,person14_boxing_d3_uncomp.avi,person14_boxing_d3_s3_boxing_original.avi,3,424,562,boxing,F
person14_boxing_d3,person14_boxing_d3_uncomp.avi,person14_boxing_d3_s3_boxing_flip.avi,3,424,562,boxing,T
person14_boxing_d4,person14_boxing_d4_uncomp.avi,person14_boxing_d4_s0_boxing_original.avi,0,1,92,boxing,F
person14_boxing_d4,person14_boxing_d4_uncomp.avi,person14_boxing_d4_s0_boxing_flip.avi,0,1,92,boxing,T
person14_boxing_d4,person14_boxing_d4_uncomp.avi,person14_boxing_d4_s1_boxing_original.avi,1,93,205,boxing,F
person14_boxing_d4,person14_boxing_d4_uncomp.avi,person14_boxing_d4_s1_boxing_flip.avi,1,93,205,boxing,T
person14_boxing_d4,person14_boxing_d4_uncomp.avi,person14_boxing_d4_s2_boxing_original.avi,2,206,312,boxing,F
person14_boxing_d4,person14_boxing_d4_uncomp.avi,person14_boxing_d4_s2_boxing_flip.avi,2,206,312,boxing,T
person14_boxing_d4,person14_boxing_d4_uncomp.avi,person14_boxing_d4_s3_boxing_original.avi,3,313,435,boxing,F
person14_boxing_d4,person14_boxing_d4_uncomp.avi,person14_boxing_d4_s3_boxing_flip.avi,3,313,435,boxing,T
person14_handclapping_d1,person14_handclapping_d1_uncomp.avi,person14_handclapping_d1_s0_handclapping_original.avi,0,1,112,handclapping,F
person14_handclapping_d1,person14_handclapping_d1_uncomp.avi,person14_handclapping_d1_s0_handclapping_flip.avi,0,1,112,handclapping,T
person14_handclapping_d1,person14_handclapping_d1_uncomp.avi,person14_handclapping_d1_s1_handclapping_original.avi,1,113,230,handclapping,F
person14_handclapping_d1,person14_handclapping_d1_uncomp.avi,person14_handclapping_d1_s1_handclapping_flip.avi,1,113,230,handclapping,T
person14_handclapping_d1,person14_handclapping_d1_uncomp.avi,person14_handclapping_d1_s2_handclapping_original.avi,2,231,345,handclapping,F
person14_handclapping_d1,person14_handclapping_d1_uncomp.avi,person14_handclapping_d1_s2_handclapping_flip.avi,2,231,345,handclapping,T
person14_handclapping_d1,person14_handclapping_d1_uncomp.avi,person14_handclapping_d1_s3_handclapping_original.avi,3,346,524,handclapping,F
person14_handclapping_d1,person14_handclapping_d1_uncomp.avi,person14_handclapping_d1_s3_handclapping_flip.avi,3,346,524,handclapping,T
person14_handclapping_d2,person14_handclapping_d2_uncomp.avi,person14_handclapping_d2_s0_handclapping_original.avi,0,1,150,handclapping,F
person14_handclapping_d2,person14_handclapping_d2_uncomp.avi,person14_handclapping_d2_s0_handclapping_flip.avi,0,1,150,handclapping,T
person14_handclapping_d2,person14_handclapping_d2_uncomp.avi,person14_handclapping_d2_s1_handclapping_original.avi,1,151,266,handclapping,F
person14_handclapping_d2,person14_handclapping_d2_uncomp.avi,person14_handclapping_d2_s1_handclapping_flip.avi,1,151,266,handclapping,T
person14_handclapping_d2,person14_handclapping_d2_uncomp.avi,person14_handclapping_d2_s2_handclapping_original.avi,2,267,380,handclapping,F
person14_handclapping_d2,person14_handclapping_d2_uncomp.avi,person14_handclapping_d2_s2_handclapping_flip.avi,2,267,380,handclapping,T
person14_handclapping_d2,person14_handclapping_d2_uncomp.avi,person14_handclapping_d2_s3_handclapping_original.avi,3,381,530,handclapping,F
person14_handclapping_d2,person14_handclapping_d2_uncomp.avi,person14_handclapping_d2_s3_handclapping_flip.avi,3,381,530,handclapping,T
person14_handclapping_d3,person14_handclapping_d3_uncomp.avi,person14_handclapping_d3_s0_handclapping_original.avi,0,1,110,handclapping,F
person14_handclapping_d3,person14_handclapping_d3_uncomp.avi,person14_handclapping_d3_s0_handclapping_flip.avi,0,1,110,handclapping,T
person14_handclapping_d3,person14_handclapping_d3_uncomp.avi,person14_handclapping_d3_s1_handclapping_original.avi,1,111,262,handclapping,F
person14_handclapping_d3,person14_handclapping_d3_uncomp.avi,person14_handclapping_d3_s1_handclapping_flip.avi,1,111,262,handclapping,T
person14_handclapping_d3,person14_handclapping_d3_uncomp.avi,person14_handclapping_d3_s2_handclapping_original.avi,2,263,375,handclapping,F
person14_handclapping_d3,person14_handclapping_d3_uncomp.avi,person14_handclapping_d3_s2_handclapping_flip.avi,2,263,375,handclapping,T
person14_handclapping_d3,person14_handclapping_d3_uncomp.avi,person14_handclapping_d3_s3_handclapping_original.avi,3,376,515,handclapping,F
person14_handclapping_d3,person14_handclapping_d3_uncomp.avi,person14_handclapping_d3_s3_handclapping_flip.avi,3,376,515,handclapping,T
person14_handclapping_d4,person14_handclapping_d4_uncomp.avi,person14_handclapping_d4_s0_handclapping_original.avi,0,1,118,handclapping,F
person14_handclapping_d4,person14_handclapping_d4_uncomp.avi,person14_handclapping_d4_s0_handclapping_flip.avi,0,1,118,handclapping,T
person14_handclapping_d4,person14_handclapping_d4_uncomp.avi,person14_handclapping_d4_s1_handclapping_original.avi,1,119,218,handclapping,F
person14_handclapping_d4,person14_handclapping_d4_uncomp.avi,person14_handclapping_d4_s1_handclapping_flip.avi,1,119,218,handclapping,T
person14_handclapping_d4,person14_handclapping_d4_uncomp.avi,person14_handclapping_d4_s2_handclapping_original.avi,2,219,348,handclapping,F
person14_handclapping_d4,person14_handclapping_d4_uncomp.avi,person14_handclapping_d4_s2_handclapping_flip.avi,2,219,348,handclapping,T
person14_handclapping_d4,person14_handclapping_d4_uncomp.avi,person14_handclapping_d4_s3_handclapping_original.avi,3,349,464,handclapping,F
person14_handclapping_d4,person14_handclapping_d4_uncomp.avi,person14_handclapping_d4_s3_handclapping_flip.avi,3,349,464,handclapping,T
person14_handwaving_d1,person14_handwaving_d1_uncomp.avi,person14_handwaving_d1_s0_handwaving_original.avi,0,1,165,handwaving,F
person14_handwaving_d1,person14_handwaving_d1_uncomp.avi,person14_handwaving_d1_s0_handwaving_flip.avi,0,1,165,handwaving,T
person14_handwaving_d1,person14_handwaving_d1_uncomp.avi,person14_handwaving_d1_s1_handwaving_original.avi,1,166,305,handwaving,F
person14_handwaving_d1,person14_handwaving_d1_uncomp.avi,person14_handwaving_d1_s1_handwaving_flip.avi,1,166,305,handwaving,T
person14_handwaving_d1,person14_handwaving_d1_uncomp.avi,person14_handwaving_d1_s2_handwaving_original.avi,2,306,445,handwaving,F
person14_handwaving_d1,person14_handwaving_d1_uncomp.avi,person14_handwaving_d1_s2_handwaving_flip.avi,2,306,445,handwaving,T
person14_handwaving_d1,person14_handwaving_d1_uncomp.avi,person14_handwaving_d1_s3_handwaving_original.avi,3,446,545,handwaving,F
person14_handwaving_d1,person14_handwaving_d1_uncomp.avi,person14_handwaving_d1_s3_handwaving_flip.avi,3,446,545,handwaving,T
person14_handwaving_d2,person14_handwaving_d2_uncomp.avi,person14_handwaving_d2_s0_handwaving_original.avi,0,1,125,handwaving,F
person14_handwaving_d2,person14_handwaving_d2_uncomp.avi,person14_handwaving_d2_s0_handwaving_flip.avi,0,1,125,handwaving,T
person14_handwaving_d2,person14_handwaving_d2_uncomp.avi,person14_handwaving_d2_s1_handwaving_original.avi,1,126,292,handwaving,F
person14_handwaving_d2,person14_handwaving_d2_uncomp.avi,person14_handwaving_d2_s1_handwaving_flip.avi,1,126,292,handwaving,T
person14_handwaving_d2,person14_handwaving_d2_uncomp.avi,person14_handwaving_d2_s2_handwaving_original.avi,2,293,395,handwaving,F
person14_handwaving_d2,person14_handwaving_d2_uncomp.avi,person14_handwaving_d2_s2_handwaving_flip.avi,2,293,395,handwaving,T
person14_handwaving_d2,person14_handwaving_d2_uncomp.avi,person14_empty_d2_s0_handwaving_original.avi,3,396,431,empty,F
person14_handwaving_d2,person14_handwaving_d2_uncomp.avi,person14_empty_d2_s0_handwaving_flip.avi,3,396,431,empty,T
person14_handwaving_d2,person14_handwaving_d2_uncomp.avi,person14_handwaving_d2_s3_handwaving_original.avi,4,432,526,handwaving,F
person14_handwaving_d2,person14_handwaving_d2_uncomp.avi,person14_handwaving_d2_s3_handwaving_flip.avi,4,432,526,handwaving,T
person14_handwaving_d3,person14_handwaving_d3_uncomp.avi,person14_handwaving_d3_s0_handwaving_original.avi,0,1,145,handwaving,F
person14_handwaving_d3,person14_handwaving_d3_uncomp.avi,person14_handwaving_d3_s0_handwaving_flip.avi,0,1,145,handwaving,T
person14_handwaving_d3,person14_handwaving_d3_uncomp.avi,person14_handwaving_d3_s1_handwaving_original.avi,1,146,235,handwaving,F
person14_handwaving_d3,person14_handwaving_d3_uncomp.avi,person14_handwaving_d3_s1_handwaving_flip.avi,1,146,235,handwaving,T
person14_handwaving_d3,person14_handwaving_d3_uncomp.avi,person14_handwaving_d3_s2_handwaving_original.avi,2,236,330,handwaving,F
person14_handwaving_d3,person14_handwaving_d3_uncomp.avi,person14_handwaving_d3_s2_handwaving_flip.avi,2,236,330,handwaving,T
person14_handwaving_d4,person14_handwaving_d4_uncomp.avi,person14_handwaving_d4_s0_handwaving_original.avi,0,1,132,handwaving,F
person14_handwaving_d4,person14_handwaving_d4_uncomp.avi,person14_handwaving_d4_s0_handwaving_flip.avi,0,1,132,handwaving,T
person14_handwaving_d4,person14_handwaving_d4_uncomp.avi,person14_handwaving_d4_s1_handwaving_original.avi,1,133,265,handwaving,F
person14_handwaving_d4,person14_handwaving_d4_uncomp.avi,person14_handwaving_d4_s1_handwaving_flip.avi,1,133,265,handwaving,T
person14_handwaving_d4,person14_handwaving_d4_uncomp.avi,person14_handwaving_d4_s2_handwaving_original.avi,2,266,446,handwaving,F
person14_handwaving_d4,person14_handwaving_d4_uncomp.avi,person14_handwaving_d4_s2_handwaving_flip.avi,2,266,446,handwaving,T
person14_handwaving_d4,person14_handwaving_d4_uncomp.avi,person14_handwaving_d4_s3_handwaving_original.avi,3,447,631,handwaving,F
person14_handwaving_d4,person14_handwaving_d4_uncomp.avi,person14_handwaving_d4_s3_handwaving_flip.avi,3,447,631,handwaving,T
person14_jogging_d1,person14_jogging_d1_uncomp.avi,person14_jogging_d1_s0_jogging_original.avi,0,1,55,jogging,F
person14_jogging_d1,person14_jogging_d1_uncomp.avi,person14_jogging_d1_s0_jogging_flip.avi,0,1,55,jogging,T
person14_jogging_d1,person14_jogging_d1_uncomp.avi,person14_empty_d1_s0_jogging_original.avi,1,56,164,empty,F
person14_jogging_d1,person14_jogging_d1_uncomp.avi,person14_empty_d1_s0_jogging_flip.avi,1,56,164,empty,T
person14_jogging_d1,person14_jogging_d1_uncomp.avi,person14_jogging_d1_s1_jogging_original.avi,2,165,245,jogging,F
person14_jogging_d1,person14_jogging_d1_uncomp.avi,person14_jogging_d1_s1_jogging_flip.avi,2,165,245,jogging,T
person14_jogging_d1,person14_jogging_d1_uncomp.avi,person14_empty_d1_s1_jogging_original.avi,3,246,283,empty,F
person14_jogging_d1,person14_jogging_d1_uncomp.avi,person14_empty_d1_s1_jogging_flip.avi,3,246,283,empty,T
person14_jogging_d1,person14_jogging_d1_uncomp.avi,person14_jogging_d1_s2_jogging_original.avi,4,284,345,jogging,F
person14_jogging_d1,person14_jogging_d1_uncomp.avi,person14_jogging_d1_s2_jogging_flip.avi,4,284,345,jogging,T
person14_jogging_d1,person14_jogging_d1_uncomp.avi,person14_empty_d1_s2_jogging_original.avi,5,346,459,empty,F
person14_jogging_d1,person14_jogging_d1_uncomp.avi,person14_empty_d1_s2_jogging_flip.avi,5,346,459,empty,T
person14_jogging_d1,person14_jogging_d1_uncomp.avi,person14_jogging_d1_s3_jogging_original.avi,6,460,525,jogging,F
person14_jogging_d1,person14_jogging_d1_uncomp.avi,person14_jogging_d1_s3_jogging_flip.avi,6,460,525,jogging,T
person14_jogging_d2,person14_jogging_d2_uncomp.avi,person14_jogging_d2_s0_jogging_original.avi,0,1,80,jogging,F
person14_jogging_d2,person14_jogging_d2_uncomp.avi,person14_jogging_d2_s0_jogging_flip.avi,0,1,80,jogging,T
person14_jogging_d2,person14_jogging_d2_uncomp.avi,person14_empty_d2_s0_jogging_original.avi,1,81,164,empty,F
person14_jogging_d2,person14_jogging_d2_uncomp.avi,person14_empty_d2_s0_jogging_flip.avi,1,81,164,empty,T
person14_jogging_d2,person14_jogging_d2_uncomp.avi,person14_jogging_d2_s1_jogging_original.avi,2,165,255,jogging,F
person14_jogging_d2,person14_jogging_d2_uncomp.avi,person14_jogging_d2_s1_jogging_flip.avi,2,165,255,jogging,T
person14_jogging_d2,person14_jogging_d2_uncomp.avi,person14_empty_d2_s1_jogging_original.avi,3,256,301,empty,F
person14_jogging_d2,person14_jogging_d2_uncomp.avi,person14_empty_d2_s1_jogging_flip.avi,3,256,301,empty,T
person14_jogging_d2,person14_jogging_d2_uncomp.avi,person14_jogging_d2_s2_jogging_original.avi,4,302,380,jogging,F
person14_jogging_d2,person14_jogging_d2_uncomp.avi,person14_jogging_d2_s2_jogging_flip.avi,4,302,380,jogging,T
person14_jogging_d2,person14_jogging_d2_uncomp.avi,person14_empty_d2_s2_jogging_original.avi,5,381,469,empty,F
person14_jogging_d2,person14_jogging_d2_uncomp.avi,person14_empty_d2_s2_jogging_flip.avi,5,381,469,empty,T
person14_jogging_d2,person14_jogging_d2_uncomp.avi,person14_jogging_d2_s3_jogging_original.avi,6,470,560,jogging,F
person14_jogging_d2,person14_jogging_d2_uncomp.avi,person14_jogging_d2_s3_jogging_flip.avi,6,470,560,jogging,T
person14_jogging_d3,person14_jogging_d3_uncomp.avi,person14_jogging_d3_s0_jogging_original.avi,0,1,75,jogging,F
person14_jogging_d3,person14_jogging_d3_uncomp.avi,person14_jogging_d3_s0_jogging_flip.avi,0,1,75,jogging,T
person14_jogging_d3,person14_jogging_d3_uncomp.avi,person14_empty_d3_s0_jogging_original.avi,1,76,165,empty,F
person14_jogging_d3,person14_jogging_d3_uncomp.avi,person14_empty_d3_s0_jogging_flip.avi,1,76,165,empty,T
person14_jogging_d3,person14_jogging_d3_uncomp.avi,person14_jogging_d3_s1_jogging_original.avi,2,166,245,jogging,F
person14_jogging_d3,person14_jogging_d3_uncomp.avi,person14_jogging_d3_s1_jogging_flip.avi,2,166,245,jogging,T
person14_jogging_d3,person14_jogging_d3_uncomp.avi,person14_empty_d3_s1_jogging_original.avi,3,246,349,empty,F
person14_jogging_d3,person14_jogging_d3_uncomp.avi,person14_empty_d3_s1_jogging_flip.avi,3,246,349,empty,T
person14_jogging_d3,person14_jogging_d3_uncomp.avi,person14_jogging_d3_s2_jogging_original.avi,4,350,420,jogging,F
person14_jogging_d3,person14_jogging_d3_uncomp.avi,person14_jogging_d3_s2_jogging_flip.avi,4,350,420,jogging,T
person14_jogging_d3,person14_jogging_d3_uncomp.avi,person14_empty_d3_s2_jogging_original.avi,5,421,539,empty,F
person14_jogging_d3,person14_jogging_d3_uncomp.avi,person14_empty_d3_s2_jogging_flip.avi,5,421,539,empty,T
person14_jogging_d3,person14_jogging_d3_uncomp.avi,person14_jogging_d3_s3_jogging_original.avi,6,540,612,jogging,F
person14_jogging_d3,person14_jogging_d3_uncomp.avi,person14_jogging_d3_s3_jogging_flip.avi,6,540,612,jogging,T
person14_jogging_d4,person14_jogging_d4_uncomp.avi,person14_jogging_d4_s0_jogging_original.avi,0,1,70,jogging,F
person14_jogging_d4,person14_jogging_d4_uncomp.avi,person14_jogging_d4_s0_jogging_flip.avi,0,1,70,jogging,T
person14_jogging_d4,person14_jogging_d4_uncomp.avi,person14_empty_d4_s0_jogging_original.avi,1,71,94,empty,F
person14_jogging_d4,person14_jogging_d4_uncomp.avi,person14_empty_d4_s0_jogging_flip.avi,1,71,94,empty,T
person14_jogging_d4,person14_jogging_d4_uncomp.avi,person14_jogging_d4_s1_jogging_original.avi,2,95,165,jogging,F
person14_jogging_d4,person14_jogging_d4_uncomp.avi,person14_jogging_d4_s1_jogging_flip.avi,2,95,165,jogging,T
person14_jogging_d4,person14_jogging_d4_uncomp.avi,person14_empty_d4_s1_jogging_original.avi,3,166,216,empty,F
person14_jogging_d4,person14_jogging_d4_uncomp.avi,person14_empty_d4_s1_jogging_flip.avi,3,166,216,empty,T
person14_jogging_d4,person14_jogging_d4_uncomp.avi,person14_jogging_d4_s2_jogging_original.avi,4,217,300,jogging,F
person14_jogging_d4,person14_jogging_d4_uncomp.avi,person14_jogging_d4_s2_jogging_flip.avi,4,217,300,jogging,T
person14_jogging_d4,person14_jogging_d4_uncomp.avi,person14_empty_d4_s2_jogging_original.avi,5,301,324,empty,F
person14_jogging_d4,person14_jogging_d4_uncomp.avi,person14_empty_d4_s2_jogging_flip.avi,5,301,324,empty,T
person14_jogging_d4,person14_jogging_d4_uncomp.avi,person14_jogging_d4_s3_jogging_original.avi,6,325,415,jogging,F
person14_jogging_d4,person14_jogging_d4_uncomp.avi,person14_jogging_d4_s3_jogging_flip.avi,6,325,415,jogging,T
person14_running_d1,person14_running_d1_uncomp.avi,person14_running_d1_s0_running_original.avi,0,1,55,running,F
person14_running_d1,person14_running_d1_uncomp.avi,person14_running_d1_s0_running_flip.avi,0,1,55,running,T
person14_running_d1,person14_running_d1_uncomp.avi,person14_empty_d1_s0_running_original.avi,1,56,149,empty,F
person14_running_d1,person14_running_d1_uncomp.avi,person14_empty_d1_s0_running_flip.avi,1,56,149,empty,T
person14_running_d1,person14_running_d1_uncomp.avi,person14_running_d1_s1_running_original.avi,2,150,220,running,F
person14_running_d1,person14_running_d1_uncomp.avi,person14_running_d1_s1_running_flip.avi,2,150,220,running,T
person14_running_d1,person14_running_d1_uncomp.avi,person14_empty_d1_s1_running_original.avi,3,221,259,empty,F
person14_running_d1,person14_running_d1_uncomp.avi,person14_empty_d1_s1_running_flip.avi,3,221,259,empty,T
person14_running_d1,person14_running_d1_uncomp.avi,person14_running_d1_s2_running_original.avi,4,260,310,running,F
person14_running_d1,person14_running_d1_uncomp.avi,person14_running_d1_s2_running_flip.avi,4,260,310,running,T
person14_running_d1,person14_running_d1_uncomp.avi,person14_empty_d1_s2_running_original.avi,5,311,409,empty,F
person14_running_d1,person14_running_d1_uncomp.avi,person14_empty_d1_s2_running_flip.avi,5,311,409,empty,T
person14_running_d1,person14_running_d1_uncomp.avi,person14_running_d1_s3_running_original.avi,6,410,449,running,F
person14_running_d1,person14_running_d1_uncomp.avi,person14_running_d1_s3_running_flip.avi,6,410,449,running,T
person14_running_d2,person14_running_d2_uncomp.avi,person14_running_d2_s0_running_original.avi,0,1,65,running,F
person14_running_d2,person14_running_d2_uncomp.avi,person14_running_d2_s0_running_flip.avi,0,1,65,running,T
person14_running_d2,person14_running_d2_uncomp.avi,person14_empty_d2_s0_running_original.avi,1,66,154,empty,F
person14_running_d2,person14_running_d2_uncomp.avi,person14_empty_d2_s0_running_flip.avi,1,66,154,empty,T
person14_running_d2,person14_running_d2_uncomp.avi,person14_running_d2_s1_running_original.avi,2,155,210,running,F
person14_running_d2,person14_running_d2_uncomp.avi,person14_running_d2_s1_running_flip.avi,2,155,210,running,T
person14_running_d2,person14_running_d2_uncomp.avi,person14_empty_d2_s1_running_original.avi,3,211,264,empty,F
person14_running_d2,person14_running_d2_uncomp.avi,person14_empty_d2_s1_running_flip.avi,3,211,264,empty,T
person14_running_d2,person14_running_d2_uncomp.avi,person14_running_d2_s2_running_original.avi,4,265,320,running,F
person14_running_d2,person14_running_d2_uncomp.avi,person14_running_d2_s2_running_flip.avi,4,265,320,running,T
person14_running_d2,person14_running_d2_uncomp.avi,person14_empty_d2_s2_running_original.avi,5,321,424,empty,F
person14_running_d2,person14_running_d2_uncomp.avi,person14_empty_d2_s2_running_flip.avi,5,321,424,empty,T
person14_running_d2,person14_running_d2_uncomp.avi,person14_running_d2_s3_running_original.avi,6,425,477,running,F
person14_running_d2,person14_running_d2_uncomp.avi,person14_running_d2_s3_running_flip.avi,6,425,477,running,T
person14_running_d3,person14_running_d3_uncomp.avi,person14_running_d3_s0_running_original.avi,0,1,33,running,F
person14_running_d3,person14_running_d3_uncomp.avi,person14_running_d3_s0_running_flip.avi,0,1,33,running,T
person14_running_d3,person14_running_d3_uncomp.avi,person14_empty_d3_s0_running_original.avi,1,34,154,empty,F
person14_running_d3,person14_running_d3_uncomp.avi,person14_empty_d3_s0_running_flip.avi,1,34,154,empty,T
person14_running_d3,person14_running_d3_uncomp.avi,person14_running_d3_s1_running_original.avi,2,155,200,running,F
person14_running_d3,person14_running_d3_uncomp.avi,person14_running_d3_s1_running_flip.avi,2,155,200,running,T
person14_running_d3,person14_running_d3_uncomp.avi,person14_empty_d3_s1_running_original.avi,3,201,299,empty,F
person14_running_d3,person14_running_d3_uncomp.avi,person14_empty_d3_s1_running_flip.avi,3,201,299,empty,T
person14_running_d3,person14_running_d3_uncomp.avi,person14_running_d3_s2_running_original.avi,4,300,350,running,F
person14_running_d3,person14_running_d3_uncomp.avi,person14_running_d3_s2_running_flip.avi,4,300,350,running,T
person14_running_d3,person14_running_d3_uncomp.avi,person14_empty_d3_s2_running_original.avi,5,351,499,empty,F
person14_running_d3,person14_running_d3_uncomp.avi,person14_empty_d3_s2_running_flip.avi,5,351,499,empty,T
person14_running_d3,person14_running_d3_uncomp.avi,person14_running_d3_s3_running_original.avi,6,500,550,running,F
person14_running_d3,person14_running_d3_uncomp.avi,person14_running_d3_s3_running_flip.avi,6,500,550,running,T
person14_running_d4,person14_running_d4_uncomp.avi,person14_running_d4_s0_running_original.avi,0,1,50,running,F
person14_running_d4,person14_running_d4_uncomp.avi,person14_running_d4_s0_running_flip.avi,0,1,50,running,T
person14_running_d4,person14_running_d4_uncomp.avi,person14_empty_d4_s0_running_original.avi,1,51,104,empty,F
person14_running_d4,person14_running_d4_uncomp.avi,person14_empty_d4_s0_running_flip.avi,1,51,104,empty,T
person14_running_d4,person14_running_d4_uncomp.avi,person14_running_d4_s1_running_original.avi,2,105,165,running,F
person14_running_d4,person14_running_d4_uncomp.avi,person14_running_d4_s1_running_flip.avi,2,105,165,running,T
person14_running_d4,person14_running_d4_uncomp.avi,person14_empty_d4_s1_running_original.avi,3,166,214,empty,F
person14_running_d4,person14_running_d4_uncomp.avi,person14_empty_d4_s1_running_flip.avi,3,166,214,empty,T
person14_running_d4,person14_running_d4_uncomp.avi,person14_running_d4_s2_running_original.avi,4,215,270,running,F
person14_running_d4,person14_running_d4_uncomp.avi,person14_running_d4_s2_running_flip.avi,4,215,270,running,T
person14_running_d4,person14_running_d4_uncomp.avi,person14_empty_d4_s2_running_original.avi,5,271,324,empty,F
person14_running_d4,person14_running_d4_uncomp.avi,person14_empty_d4_s2_running_flip.avi,5,271,324,empty,T
person14_running_d4,person14_running_d4_uncomp.avi,person14_running_d4_s3_running_original.avi,6,325,390,running,F
person14_running_d4,person14_running_d4_uncomp.avi,person14_running_d4_s3_running_flip.avi,6,325,390,running,T
person14_walking_d1,person14_walking_d1_uncomp.avi,person14_walking_d1_s0_walking_original.avi,0,1,115,walking,F
person14_walking_d1,person14_walking_d1_uncomp.avi,person14_walking_d1_s0_walking_flip.avi,0,1,115,walking,T
person14_walking_d1,person14_walking_d1_uncomp.avi,person14_empty_d1_s0_walking_original.avi,1,116,204,empty,F
person14_walking_d1,person14_walking_d1_uncomp.avi,person14_empty_d1_s0_walking_flip.avi,1,116,204,empty,T
person14_walking_d1,person14_walking_d1_uncomp.avi,person14_walking_d1_s1_walking_original.avi,2,205,350,walking,F
person14_walking_d1,person14_walking_d1_uncomp.avi,person14_walking_d1_s1_walking_flip.avi,2,205,350,walking,T
person14_walking_d1,person14_walking_d1_uncomp.avi,person14_empty_d1_s1_walking_original.avi,3,351,394,empty,F
person14_walking_d1,person14_walking_d1_uncomp.avi,person14_empty_d1_s1_walking_flip.avi,3,351,394,empty,T
person14_walking_d1,person14_walking_d1_uncomp.avi,person14_walking_d1_s2_walking_original.avi,4,395,500,walking,F
person14_walking_d1,person14_walking_d1_uncomp.avi,person14_walking_d1_s2_walking_flip.avi,4,395,500,walking,T
person14_walking_d1,person14_walking_d1_uncomp.avi,person14_empty_d1_s2_walking_original.avi,5,501,589,empty,F
person14_walking_d1,person14_walking_d1_uncomp.avi,person14_empty_d1_s2_walking_flip.avi,5,501,589,empty,T
person14_walking_d1,person14_walking_d1_uncomp.avi,person14_walking_d1_s3_walking_original.avi,6,590,720,walking,F
person14_walking_d1,person14_walking_d1_uncomp.avi,person14_walking_d1_s3_walking_flip.avi,6,590,720,walking,T
person14_walking_d2,person14_walking_d2_uncomp.avi,person14_walking_d2_s0_walking_original.avi,0,1,150,walking,F
person14_walking_d2,person14_walking_d2_uncomp.avi,person14_walking_d2_s0_walking_flip.avi,0,1,150,walking,T
person14_walking_d2,person14_walking_d2_uncomp.avi,person14_empty_d2_s0_walking_original.avi,1,151,239,empty,F
person14_walking_d2,person14_walking_d2_uncomp.avi,person14_empty_d2_s0_walking_flip.avi,1,151,239,empty,T
person14_walking_d2,person14_walking_d2_uncomp.avi,person14_walking_d2_s1_walking_original.avi,2,240,385,walking,F
person14_walking_d2,person14_walking_d2_uncomp.avi,person14_walking_d2_s1_walking_flip.avi,2,240,385,walking,T
person14_walking_d2,person14_walking_d2_uncomp.avi,person14_empty_d2_s1_walking_original.avi,3,386,461,empty,F
person14_walking_d2,person14_walking_d2_uncomp.avi,person14_empty_d2_s1_walking_flip.avi,3,386,461,empty,T
person14_walking_d2,person14_walking_d2_uncomp.avi,person14_walking_d2_s2_walking_original.avi,4,462,610,walking,F
person14_walking_d2,person14_walking_d2_uncomp.avi,person14_walking_d2_s2_walking_flip.avi,4,462,610,walking,T
person14_walking_d2,person14_walking_d2_uncomp.avi,person14_empty_d2_s2_walking_original.avi,5,611,719,empty,F
person14_walking_d2,person14_walking_d2_uncomp.avi,person14_empty_d2_s2_walking_flip.avi,5,611,719,empty,T
person14_walking_d2,person14_walking_d2_uncomp.avi,person14_walking_d2_s3_walking_original.avi,6,720,870,walking,F
person14_walking_d2,person14_walking_d2_uncomp.avi,person14_walking_d2_s3_walking_flip.avi,6,720,870,walking,T
person14_walking_d3,person14_walking_d3_uncomp.avi,person14_walking_d3_s0_walking_original.avi,0,1,95,walking,F
person14_walking_d3,person14_walking_d3_uncomp.avi,person14_walking_d3_s0_walking_flip.avi,0,1,95,walking,T
person14_walking_d3,person14_walking_d3_uncomp.avi,person14_empty_d3_s0_walking_original.avi,1,96,254,empty,F
person14_walking_d3,person14_walking_d3_uncomp.avi,person14_empty_d3_s0_walking_flip.avi,1,96,254,empty,T
person14_walking_d3,person14_walking_d3_uncomp.avi,person14_walking_d3_s1_walking_original.avi,2,255,380,walking,F
person14_walking_d3,person14_walking_d3_uncomp.avi,person14_walking_d3_s1_walking_flip.avi,2,255,380,walking,T
person14_walking_d3,person14_walking_d3_uncomp.avi,person14_empty_d3_s1_walking_original.avi,3,381,419,empty,F
person14_walking_d3,person14_walking_d3_uncomp.avi,person14_empty_d3_s1_walking_flip.avi,3,381,419,empty,T
person14_walking_d3,person14_walking_d3_uncomp.avi,person14_walking_d3_s2_walking_original.avi,4,420,515,walking,F
person14_walking_d3,person14_walking_d3_uncomp.avi,person14_walking_d3_s2_walking_flip.avi,4,420,515,walking,T
person14_walking_d3,person14_walking_d3_uncomp.avi,person14_empty_d3_s2_walking_original.avi,5,516,619,empty,F
person14_walking_d3,person14_walking_d3_uncomp.avi,person14_empty_d3_s2_walking_flip.avi,5,516,619,empty,T
person14_walking_d3,person14_walking_d3_uncomp.avi,person14_walking_d3_s3_walking_original.avi,6,620,713,walking,F
person14_walking_d3,person14_walking_d3_uncomp.avi,person14_walking_d3_s3_walking_flip.avi,6,620,713,walking,T
person14_walking_d4,person14_walking_d4_uncomp.avi,person14_walking_d4_s0_walking_original.avi,0,1,115,walking,F
person14_walking_d4,person14_walking_d4_uncomp.avi,person14_walking_d4_s0_walking_flip.avi,0,1,115,walking,T
person14_walking_d4,person14_walking_d4_uncomp.avi,person14_empty_d4_s0_walking_original.avi,1,116,154,empty,F
person14_walking_d4,person14_walking_d4_uncomp.avi,person14_empty_d4_s0_walking_flip.avi,1,116,154,empty,T
person14_walking_d4,person14_walking_d4_uncomp.avi,person14_walking_d4_s1_walking_original.avi,2,155,280,walking,F
person14_walking_d4,person14_walking_d4_uncomp.avi,person14_walking_d4_s1_walking_flip.avi,2,155,280,walking,T
person14_walking_d4,person14_walking_d4_uncomp.avi,person14_empty_d4_s1_walking_original.avi,3,281,289,empty,F
person14_walking_d4,person14_walking_d4_uncomp.avi,person14_empty_d4_s1_walking_flip.avi,3,281,289,empty,T
person14_walking_d4,person14_walking_d4_uncomp.avi,person14_walking_d4_s2_walking_original.avi,4,290,400,walking,F
person14_walking_d4,person14_walking_d4_uncomp.avi,person14_walking_d4_s2_walking_flip.avi,4,290,400,walking,T
person14_walking_d4,person14_walking_d4_uncomp.avi,person14_empty_d4_s2_walking_original.avi,5,401,439,empty,F
person14_walking_d4,person14_walking_d4_uncomp.avi,person14_empty_d4_s2_walking_flip.avi,5,401,439,empty,T
person14_walking_d4,person14_walking_d4_uncomp.avi,person14_walking_d4_s3_walking_original.avi,6,440,555,walking,F
person14_walking_d4,person14_walking_d4_uncomp.avi,person14_walking_d4_s3_walking_flip.avi,6,440,555,walking,T
person15_boxing_d1,person15_boxing_d1_uncomp.avi,person15_boxing_d1_s0_boxing_original.avi,0,1,150,boxing,F
person15_boxing_d1,person15_boxing_d1_uncomp.avi,person15_boxing_d1_s0_boxing_flip.avi,0,1,150,boxing,T
person15_boxing_d1,person15_boxing_d1_uncomp.avi,person15_boxing_d1_s1_boxing_original.avi,1,151,216,boxing,F
person15_boxing_d1,person15_boxing_d1_uncomp.avi,person15_boxing_d1_s1_boxing_flip.avi,1,151,216,boxing,T
person15_boxing_d1,person15_boxing_d1_uncomp.avi,person15_boxing_d1_s2_boxing_original.avi,2,217,290,boxing,F
person15_boxing_d1,person15_boxing_d1_uncomp.avi,person15_boxing_d1_s2_boxing_flip.avi,2,217,290,boxing,T
person15_boxing_d1,person15_boxing_d1_uncomp.avi,person15_boxing_d1_s3_boxing_original.avi,3,291,408,boxing,F
person15_boxing_d1,person15_boxing_d1_uncomp.avi,person15_boxing_d1_s3_boxing_flip.avi,3,291,408,boxing,T
person15_boxing_d2,person15_boxing_d2_uncomp.avi,person15_boxing_d2_s0_boxing_original.avi,0,1,128,boxing,F
person15_boxing_d2,person15_boxing_d2_uncomp.avi,person15_boxing_d2_s0_boxing_flip.avi,0,1,128,boxing,T
person15_boxing_d2,person15_boxing_d2_uncomp.avi,person15_boxing_d2_s1_boxing_original.avi,1,129,252,boxing,F
person15_boxing_d2,person15_boxing_d2_uncomp.avi,person15_boxing_d2_s1_boxing_flip.avi,1,129,252,boxing,T
person15_boxing_d2,person15_boxing_d2_uncomp.avi,person15_boxing_d2_s2_boxing_original.avi,2,253,335,boxing,F
person15_boxing_d2,person15_boxing_d2_uncomp.avi,person15_boxing_d2_s2_boxing_flip.avi,2,253,335,boxing,T
person15_boxing_d2,person15_boxing_d2_uncomp.avi,person15_boxing_d2_s3_boxing_original.avi,3,336,485,boxing,F
person15_boxing_d2,person15_boxing_d2_uncomp.avi,person15_boxing_d2_s3_boxing_flip.avi,3,336,485,boxing,T
person15_boxing_d3,person15_boxing_d3_uncomp.avi,person15_boxing_d3_s0_boxing_original.avi,0,1,90,boxing,F
person15_boxing_d3,person15_boxing_d3_uncomp.avi,person15_boxing_d3_s0_boxing_flip.avi,0,1,90,boxing,T
person15_boxing_d3,person15_boxing_d3_uncomp.avi,person15_boxing_d3_s1_boxing_original.avi,1,91,191,boxing,F
person15_boxing_d3,person15_boxing_d3_uncomp.avi,person15_boxing_d3_s1_boxing_flip.avi,1,91,191,boxing,T
person15_boxing_d3,person15_boxing_d3_uncomp.avi,person15_boxing_d3_s2_boxing_original.avi,2,192,264,boxing,F
person15_boxing_d3,person15_boxing_d3_uncomp.avi,person15_boxing_d3_s2_boxing_flip.avi,2,192,264,boxing,T
person15_boxing_d3,person15_boxing_d3_uncomp.avi,person15_boxing_d3_s3_boxing_original.avi,3,265,418,boxing,F
person15_boxing_d3,person15_boxing_d3_uncomp.avi,person15_boxing_d3_s3_boxing_flip.avi,3,265,418,boxing,T
person15_boxing_d4,person15_boxing_d4_uncomp.avi,person15_boxing_d4_s0_boxing_original.avi,0,1,90,boxing,F
person15_boxing_d4,person15_boxing_d4_uncomp.avi,person15_boxing_d4_s0_boxing_flip.avi,0,1,90,boxing,T
person15_boxing_d4,person15_boxing_d4_uncomp.avi,person15_boxing_d4_s1_boxing_original.avi,1,91,200,boxing,F
person15_boxing_d4,person15_boxing_d4_uncomp.avi,person15_boxing_d4_s1_boxing_flip.avi,1,91,200,boxing,T
person15_boxing_d4,person15_boxing_d4_uncomp.avi,person15_boxing_d4_s2_boxing_original.avi,2,201,294,boxing,F
person15_boxing_d4,person15_boxing_d4_uncomp.avi,person15_boxing_d4_s2_boxing_flip.avi,2,201,294,boxing,T
person15_handclapping_d1,person15_handclapping_d1_uncomp.avi,person15_handclapping_d1_s0_handclapping_original.avi,0,1,65,handclapping,F
person15_handclapping_d1,person15_handclapping_d1_uncomp.avi,person15_handclapping_d1_s0_handclapping_flip.avi,0,1,65,handclapping,T
person15_handclapping_d1,person15_handclapping_d1_uncomp.avi,person15_handclapping_d1_s1_handclapping_original.avi,1,66,164,handclapping,F
person15_handclapping_d1,person15_handclapping_d1_uncomp.avi,person15_handclapping_d1_s1_handclapping_flip.avi,1,66,164,handclapping,T
person15_handclapping_d1,person15_handclapping_d1_uncomp.avi,person15_handclapping_d1_s2_handclapping_original.avi,2,165,232,handclapping,F
person15_handclapping_d1,person15_handclapping_d1_uncomp.avi,person15_handclapping_d1_s2_handclapping_flip.avi,2,165,232,handclapping,T
person15_handclapping_d1,person15_handclapping_d1_uncomp.avi,person15_handclapping_d1_s3_handclapping_original.avi,3,233,312,handclapping,F
person15_handclapping_d1,person15_handclapping_d1_uncomp.avi,person15_handclapping_d1_s3_handclapping_flip.avi,3,233,312,handclapping,T
person15_handclapping_d2,person15_handclapping_d2_uncomp.avi,person15_handclapping_d2_s0_handclapping_original.avi,0,1,85,handclapping,F
person15_handclapping_d2,person15_handclapping_d2_uncomp.avi,person15_handclapping_d2_s0_handclapping_flip.avi,0,1,85,handclapping,T
person15_handclapping_d2,person15_handclapping_d2_uncomp.avi,person15_handclapping_d2_s1_handclapping_original.avi,1,86,155,handclapping,F
person15_handclapping_d2,person15_handclapping_d2_uncomp.avi,person15_handclapping_d2_s1_handclapping_flip.avi,1,86,155,handclapping,T
person15_handclapping_d2,person15_handclapping_d2_uncomp.avi,person15_handclapping_d2_s2_handclapping_original.avi,2,156,228,handclapping,F
person15_handclapping_d2,person15_handclapping_d2_uncomp.avi,person15_handclapping_d2_s2_handclapping_flip.avi,2,156,228,handclapping,T
person15_handclapping_d2,person15_handclapping_d2_uncomp.avi,person15_handclapping_d2_s3_handclapping_original.avi,3,228,285,handclapping,F
person15_handclapping_d2,person15_handclapping_d2_uncomp.avi,person15_handclapping_d2_s3_handclapping_flip.avi,3,228,285,handclapping,T
person15_handclapping_d3,person15_handclapping_d3_uncomp.avi,person15_handclapping_d3_s0_handclapping_original.avi,0,1,60,handclapping,F
person15_handclapping_d3,person15_handclapping_d3_uncomp.avi,person15_handclapping_d3_s0_handclapping_flip.avi,0,1,60,handclapping,T
person15_handclapping_d3,person15_handclapping_d3_uncomp.avi,person15_handclapping_d3_s1_handclapping_original.avi,1,61,160,handclapping,F
person15_handclapping_d3,person15_handclapping_d3_uncomp.avi,person15_handclapping_d3_s1_handclapping_flip.avi,1,61,160,handclapping,T
person15_handclapping_d3,person15_handclapping_d3_uncomp.avi,person15_handclapping_d3_s2_handclapping_original.avi,2,161,255,handclapping,F
person15_handclapping_d3,person15_handclapping_d3_uncomp.avi,person15_handclapping_d3_s2_handclapping_flip.avi,2,161,255,handclapping,T
person15_handclapping_d3,person15_handclapping_d3_uncomp.avi,person15_handclapping_d3_s3_handclapping_original.avi,3,256,365,handclapping,F
person15_handclapping_d3,person15_handclapping_d3_uncomp.avi,person15_handclapping_d3_s3_handclapping_flip.avi,3,256,365,handclapping,T
person15_handclapping_d4,person15_handclapping_d4_uncomp.avi,person15_handclapping_d4_s0_handclapping_original.avi,0,1,80,handclapping,F
person15_handclapping_d4,person15_handclapping_d4_uncomp.avi,person15_handclapping_d4_s0_handclapping_flip.avi,0,1,80,handclapping,T
person15_handclapping_d4,person15_handclapping_d4_uncomp.avi,person15_handclapping_d4_s1_handclapping_original.avi,1,81,150,handclapping,F
person15_handclapping_d4,person15_handclapping_d4_uncomp.avi,person15_handclapping_d4_s1_handclapping_flip.avi,1,81,150,handclapping,T
person15_handclapping_d4,person15_handclapping_d4_uncomp.avi,person15_handclapping_d4_s2_handclapping_original.avi,2,151,220,handclapping,F
person15_handclapping_d4,person15_handclapping_d4_uncomp.avi,person15_handclapping_d4_s2_handclapping_flip.avi,2,151,220,handclapping,T
person15_handclapping_d4,person15_handclapping_d4_uncomp.avi,person15_handclapping_d4_s3_handclapping_original.avi,3,221,322,handclapping,F
person15_handclapping_d4,person15_handclapping_d4_uncomp.avi,person15_handclapping_d4_s3_handclapping_flip.avi,3,221,322,handclapping,T
person15_handwaving_d1,person15_handwaving_d1_uncomp.avi,person15_handwaving_d1_s0_handwaving_original.avi,0,1,136,handwaving,F
person15_handwaving_d1,person15_handwaving_d1_uncomp.avi,person15_handwaving_d1_s0_handwaving_flip.avi,0,1,136,handwaving,T
person15_handwaving_d1,person15_handwaving_d1_uncomp.avi,person15_handwaving_d1_s1_handwaving_original.avi,1,137,279,handwaving,F
person15_handwaving_d1,person15_handwaving_d1_uncomp.avi,person15_handwaving_d1_s1_handwaving_flip.avi,1,137,279,handwaving,T
person15_handwaving_d1,person15_handwaving_d1_uncomp.avi,person15_handwaving_d1_s2_handwaving_original.avi,2,280,440,handwaving,F
person15_handwaving_d1,person15_handwaving_d1_uncomp.avi,person15_handwaving_d1_s2_handwaving_flip.avi,2,280,440,handwaving,T
person15_handwaving_d1,person15_handwaving_d1_uncomp.avi,person15_handwaving_d1_s3_handwaving_original.avi,3,441,581,handwaving,F
person15_handwaving_d1,person15_handwaving_d1_uncomp.avi,person15_handwaving_d1_s3_handwaving_flip.avi,3,441,581,handwaving,T
person15_handwaving_d2,person15_handwaving_d2_uncomp.avi,person15_handwaving_d2_s0_handwaving_original.avi,0,1,170,handwaving,F
person15_handwaving_d2,person15_handwaving_d2_uncomp.avi,person15_handwaving_d2_s0_handwaving_flip.avi,0,1,170,handwaving,T
person15_handwaving_d2,person15_handwaving_d2_uncomp.avi,person15_handwaving_d2_s1_handwaving_original.avi,1,171,331,handwaving,F
person15_handwaving_d2,person15_handwaving_d2_uncomp.avi,person15_handwaving_d2_s1_handwaving_flip.avi,1,171,331,handwaving,T
person15_handwaving_d2,person15_handwaving_d2_uncomp.avi,person15_handwaving_d2_s2_handwaving_original.avi,2,332,548,handwaving,F
person15_handwaving_d2,person15_handwaving_d2_uncomp.avi,person15_handwaving_d2_s2_handwaving_flip.avi,2,332,548,handwaving,T
person15_handwaving_d2,person15_handwaving_d2_uncomp.avi,person15_handwaving_d2_s3_handwaving_original.avi,3,549,703,handwaving,F
person15_handwaving_d2,person15_handwaving_d2_uncomp.avi,person15_handwaving_d2_s3_handwaving_flip.avi,3,549,703,handwaving,T
person15_handwaving_d3,person15_handwaving_d3_uncomp.avi,person15_handwaving_d3_s0_handwaving_original.avi,0,1,123,handwaving,F
person15_handwaving_d3,person15_handwaving_d3_uncomp.avi,person15_handwaving_d3_s0_handwaving_flip.avi,0,1,123,handwaving,T
person15_handwaving_d3,person15_handwaving_d3_uncomp.avi,person15_handwaving_d3_s1_handwaving_original.avi,1,124,262,handwaving,F
person15_handwaving_d3,person15_handwaving_d3_uncomp.avi,person15_handwaving_d3_s1_handwaving_flip.avi,1,124,262,handwaving,T
person15_handwaving_d3,person15_handwaving_d3_uncomp.avi,person15_handwaving_d3_s2_handwaving_original.avi,2,263,404,handwaving,F
person15_handwaving_d3,person15_handwaving_d3_uncomp.avi,person15_handwaving_d3_s2_handwaving_flip.avi,2,263,404,handwaving,T
person15_handwaving_d3,person15_handwaving_d3_uncomp.avi,person15_handwaving_d3_s3_handwaving_original.avi,3,405,598,handwaving,F
person15_handwaving_d3,person15_handwaving_d3_uncomp.avi,person15_handwaving_d3_s3_handwaving_flip.avi,3,405,598,handwaving,T
person15_handwaving_d4,person15_handwaving_d4_uncomp.avi,person15_handwaving_d4_s0_handwaving_original.avi,0,1,150,handwaving,F
person15_handwaving_d4,person15_handwaving_d4_uncomp.avi,person15_handwaving_d4_s0_handwaving_flip.avi,0,1,150,handwaving,T
person15_handwaving_d4,person15_handwaving_d4_uncomp.avi,person15_handwaving_d4_s1_handwaving_original.avi,1,151,312,handwaving,F
person15_handwaving_d4,person15_handwaving_d4_uncomp.avi,person15_handwaving_d4_s1_handwaving_flip.avi,1,151,312,handwaving,T
person15_handwaving_d4,person15_handwaving_d4_uncomp.avi,person15_handwaving_d4_s2_handwaving_original.avi,2,313,496,handwaving,F
person15_handwaving_d4,person15_handwaving_d4_uncomp.avi,person15_handwaving_d4_s2_handwaving_flip.avi,2,313,496,handwaving,T
person15_handwaving_d4,person15_handwaving_d4_uncomp.avi,person15_handwaving_d4_s3_handwaving_original.avi,3,497,666,handwaving,F
person15_handwaving_d4,person15_handwaving_d4_uncomp.avi,person15_handwaving_d4_s3_handwaving_flip.avi,3,497,666,handwaving,T
person15_jogging_d1,person15_jogging_d1_uncomp.avi,person15_jogging_d1_s0_jogging_original.avi,0,1,75,jogging,F
person15_jogging_d1,person15_jogging_d1_uncomp.avi,person15_jogging_d1_s0_jogging_flip.avi,0,1,75,jogging,T
person15_jogging_d1,person15_jogging_d1_uncomp.avi,person15_empty_d1_s0_jogging_original.avi,1,76,139,empty,F
person15_jogging_d1,person15_jogging_d1_uncomp.avi,person15_empty_d1_s0_jogging_flip.avi,1,76,139,empty,T
person15_jogging_d1,person15_jogging_d1_uncomp.avi,person15_jogging_d1_s1_jogging_original.avi,2,140,205,jogging,F
person15_jogging_d1,person15_jogging_d1_uncomp.avi,person15_jogging_d1_s1_jogging_flip.avi,2,140,205,jogging,T
person15_jogging_d1,person15_jogging_d1_uncomp.avi,person15_empty_d1_s1_jogging_original.avi,3,206,239,empty,F
person15_jogging_d1,person15_jogging_d1_uncomp.avi,person15_empty_d1_s1_jogging_flip.avi,3,206,239,empty,T
person15_jogging_d1,person15_jogging_d1_uncomp.avi,person15_jogging_d1_s2_jogging_original.avi,4,240,300,jogging,F
person15_jogging_d1,person15_jogging_d1_uncomp.avi,person15_jogging_d1_s2_jogging_flip.avi,4,240,300,jogging,T
person15_jogging_d1,person15_jogging_d1_uncomp.avi,person15_empty_d1_s2_jogging_original.avi,5,301,359,empty,F
person15_jogging_d1,person15_jogging_d1_uncomp.avi,person15_empty_d1_s2_jogging_flip.avi,5,301,359,empty,T
person15_jogging_d1,person15_jogging_d1_uncomp.avi,person15_jogging_d1_s3_jogging_original.avi,6,360,420,jogging,F
person15_jogging_d1,person15_jogging_d1_uncomp.avi,person15_jogging_d1_s3_jogging_flip.avi,6,360,420,jogging,T
person15_jogging_d2,person15_jogging_d2_uncomp.avi,person15_jogging_d2_s0_jogging_original.avi,0,1,75,jogging,F
person15_jogging_d2,person15_jogging_d2_uncomp.avi,person15_jogging_d2_s0_jogging_flip.avi,0,1,75,jogging,T
person15_jogging_d2,person15_jogging_d2_uncomp.avi,person15_empty_d2_s0_jogging_original.avi,1,76,164,empty,F
person15_jogging_d2,person15_jogging_d2_uncomp.avi,person15_empty_d2_s0_jogging_flip.avi,1,76,164,empty,T
person15_jogging_d2,person15_jogging_d2_uncomp.avi,person15_jogging_d2_s1_jogging_original.avi,2,165,242,jogging,F
person15_jogging_d2,person15_jogging_d2_uncomp.avi,person15_jogging_d2_s1_jogging_flip.avi,2,165,242,jogging,T
person15_jogging_d2,person15_jogging_d2_uncomp.avi,person15_empty_d2_s1_jogging_original.avi,3,243,281,empty,F
person15_jogging_d2,person15_jogging_d2_uncomp.avi,person15_empty_d2_s1_jogging_flip.avi,3,243,281,empty,T
person15_jogging_d2,person15_jogging_d2_uncomp.avi,person15_jogging_d2_s2_jogging_original.avi,4,282,355,jogging,F
person15_jogging_d2,person15_jogging_d2_uncomp.avi,person15_jogging_d2_s2_jogging_flip.avi,4,282,355,jogging,T
person15_jogging_d2,person15_jogging_d2_uncomp.avi,person15_empty_d2_s2_jogging_original.avi,5,356,454,empty,F
person15_jogging_d2,person15_jogging_d2_uncomp.avi,person15_empty_d2_s2_jogging_flip.avi,5,356,454,empty,T
person15_jogging_d2,person15_jogging_d2_uncomp.avi,person15_jogging_d2_s3_jogging_original.avi,6,455,535,jogging,F
person15_jogging_d2,person15_jogging_d2_uncomp.avi,person15_jogging_d2_s3_jogging_flip.avi,6,455,535,jogging,T
person15_jogging_d3,person15_jogging_d3_uncomp.avi,person15_jogging_d3_s0_jogging_original.avi,0,1,50,jogging,F
person15_jogging_d3,person15_jogging_d3_uncomp.avi,person15_jogging_d3_s0_jogging_flip.avi,0,1,50,jogging,T
person15_jogging_d3,person15_jogging_d3_uncomp.avi,person15_empty_d3_s0_jogging_original.avi,1,51,129,empty,F
person15_jogging_d3,person15_jogging_d3_uncomp.avi,person15_empty_d3_s0_jogging_flip.avi,1,51,129,empty,T
person15_jogging_d3,person15_jogging_d3_uncomp.avi,person15_jogging_d3_s1_jogging_original.avi,2,130,180,jogging,F
person15_jogging_d3,person15_jogging_d3_uncomp.avi,person15_jogging_d3_s1_jogging_flip.avi,2,130,180,jogging,T
person15_jogging_d3,person15_jogging_d3_uncomp.avi,person15_empty_d3_s1_jogging_original.avi,3,181,241,empty,F
person15_jogging_d3,person15_jogging_d3_uncomp.avi,person15_empty_d3_s1_jogging_flip.avi,3,181,241,empty,T
person15_jogging_d3,person15_jogging_d3_uncomp.avi,person15_jogging_d3_s2_jogging_original.avi,4,242,300,jogging,F
person15_jogging_d3,person15_jogging_d3_uncomp.avi,person15_jogging_d3_s2_jogging_flip.avi,4,242,300,jogging,T
person15_jogging_d3,person15_jogging_d3_uncomp.avi,person15_empty_d3_s2_jogging_original.avi,5,301,384,empty,F
person15_jogging_d3,person15_jogging_d3_uncomp.avi,person15_empty_d3_s2_jogging_flip.avi,5,301,384,empty,T
person15_jogging_d3,person15_jogging_d3_uncomp.avi,person15_jogging_d3_s3_jogging_original.avi,6,385,440,jogging,F
person15_jogging_d3,person15_jogging_d3_uncomp.avi,person15_jogging_d3_s3_jogging_flip.avi,6,385,440,jogging,T
person15_jogging_d4,person15_jogging_d4_uncomp.avi,person15_jogging_d4_s0_jogging_original.avi,0,1,85,jogging,F
person15_jogging_d4,person15_jogging_d4_uncomp.avi,person15_jogging_d4_s0_jogging_flip.avi,0,1,85,jogging,T
person15_jogging_d4,person15_jogging_d4_uncomp.avi,person15_empty_d4_s0_jogging_original.avi,1,86,111,empty,F
person15_jogging_d4,person15_jogging_d4_uncomp.avi,person15_empty_d4_s0_jogging_flip.avi,1,86,111,empty,T
person15_jogging_d4,person15_jogging_d4_uncomp.avi,person15_jogging_d4_s1_jogging_original.avi,2,112,200,jogging,F
person15_jogging_d4,person15_jogging_d4_uncomp.avi,person15_jogging_d4_s1_jogging_flip.avi,2,112,200,jogging,T
person15_jogging_d4,person15_jogging_d4_uncomp.avi,person15_empty_d4_s1_jogging_original.avi,3,201,209,empty,F
person15_jogging_d4,person15_jogging_d4_uncomp.avi,person15_empty_d4_s1_jogging_flip.avi,3,201,209,empty,T
person15_jogging_d4,person15_jogging_d4_uncomp.avi,person15_jogging_d4_s2_jogging_original.avi,4,210,290,jogging,F
person15_jogging_d4,person15_jogging_d4_uncomp.avi,person15_jogging_d4_s2_jogging_flip.avi,4,210,290,jogging,T
person15_jogging_d4,person15_jogging_d4_uncomp.avi,person15_empty_d4_s2_jogging_original.avi,5,291,311,empty,F
person15_jogging_d4,person15_jogging_d4_uncomp.avi,person15_empty_d4_s2_jogging_flip.avi,5,291,311,empty,T
person15_jogging_d4,person15_jogging_d4_uncomp.avi,person15_jogging_d4_s3_jogging_original.avi,6,312,400,jogging,F
person15_jogging_d4,person15_jogging_d4_uncomp.avi,person15_jogging_d4_s3_jogging_flip.avi,6,312,400,jogging,T
person15_running_d1,person15_running_d1_uncomp.avi,person15_running_d1_s0_running_original.avi,0,1,50,running,F
person15_running_d1,person15_running_d1_uncomp.avi,person15_running_d1_s0_running_flip.avi,0,1,50,running,T
person15_running_d1,person15_running_d1_uncomp.avi,person15_empty_d1_s0_running_original.avi,1,51,99,empty,F
person15_running_d1,person15_running_d1_uncomp.avi,person15_empty_d1_s0_running_flip.avi,1,51,99,empty,T
person15_running_d1,person15_running_d1_uncomp.avi,person15_running_d1_s1_running_original.avi,2,100,150,running,F
person15_running_d1,person15_running_d1_uncomp.avi,person15_running_d1_s1_running_flip.avi,2,100,150,running,T
person15_running_d1,person15_running_d1_uncomp.avi,person15_empty_d1_s1_running_original.avi,3,151,179,empty,F
person15_running_d1,person15_running_d1_uncomp.avi,person15_empty_d1_s1_running_flip.avi,3,151,179,empty,T
person15_running_d1,person15_running_d1_uncomp.avi,person15_running_d1_s2_running_original.avi,4,180,225,running,F
person15_running_d1,person15_running_d1_uncomp.avi,person15_running_d1_s2_running_flip.avi,4,180,225,running,T
person15_running_d1,person15_running_d1_uncomp.avi,person15_empty_d1_s2_running_original.avi,5,226,279,empty,F
person15_running_d1,person15_running_d1_uncomp.avi,person15_empty_d1_s2_running_flip.avi,5,226,279,empty,T
person15_running_d1,person15_running_d1_uncomp.avi,person15_running_d1_s3_running_original.avi,6,280,325,running,F
person15_running_d1,person15_running_d1_uncomp.avi,person15_running_d1_s3_running_flip.avi,6,280,325,running,T
person15_running_d2,person15_running_d2_uncomp.avi,person15_running_d2_s0_running_original.avi,0,1,55,running,F
person15_running_d2,person15_running_d2_uncomp.avi,person15_running_d2_s0_running_flip.avi,0,1,55,running,T
person15_running_d2,person15_running_d2_uncomp.avi,person15_empty_d2_s0_running_original.avi,1,56,134,empty,F
person15_running_d2,person15_running_d2_uncomp.avi,person15_empty_d2_s0_running_flip.avi,1,56,134,empty,T
person15_running_d2,person15_running_d2_uncomp.avi,person15_running_d2_s1_running_original.avi,2,135,190,running,F
person15_running_d2,person15_running_d2_uncomp.avi,person15_running_d2_s1_running_flip.avi,2,135,190,running,T
person15_running_d2,person15_running_d2_uncomp.avi,person15_empty_d2_s1_running_original.avi,3,191,234,empty,F
person15_running_d2,person15_running_d2_uncomp.avi,person15_empty_d2_s1_running_flip.avi,3,191,234,empty,T
person15_running_d2,person15_running_d2_uncomp.avi,person15_running_d2_s2_running_original.avi,4,235,290,running,F
person15_running_d2,person15_running_d2_uncomp.avi,person15_running_d2_s2_running_flip.avi,4,235,290,running,T
person15_running_d2,person15_running_d2_uncomp.avi,person15_empty_d2_s2_running_original.avi,5,291,384,empty,F
person15_running_d2,person15_running_d2_uncomp.avi,person15_empty_d2_s2_running_flip.avi,5,291,384,empty,T
person15_running_d2,person15_running_d2_uncomp.avi,person15_running_d2_s3_running_original.avi,6,385,435,running,F
person15_running_d2,person15_running_d2_uncomp.avi,person15_running_d2_s3_running_flip.avi,6,385,435,running,T
person15_running_d3,person15_running_d3_uncomp.avi,person15_running_d3_s0_running_original.avi,0,1,45,running,F
person15_running_d3,person15_running_d3_uncomp.avi,person15_running_d3_s0_running_flip.avi,0,1,45,running,T
person15_running_d3,person15_running_d3_uncomp.avi,person15_empty_d3_s0_running_original.avi,1,46,99,empty,F
person15_running_d3,person15_running_d3_uncomp.avi,person15_empty_d3_s0_running_flip.avi,1,46,99,empty,T
person15_running_d3,person15_running_d3_uncomp.avi,person15_running_d3_s1_running_original.avi,2,100,140,running,F
person15_running_d3,person15_running_d3_uncomp.avi,person15_running_d3_s1_running_flip.avi,2,100,140,running,T
person15_running_d3,person15_running_d3_uncomp.avi,person15_empty_d3_s1_running_original.avi,3,141,199,empty,F
person15_running_d3,person15_running_d3_uncomp.avi,person15_empty_d3_s1_running_flip.avi,3,141,199,empty,T
person15_running_d3,person15_running_d3_uncomp.avi,person15_running_d3_s2_running_original.avi,4,200,245,running,F
person15_running_d3,person15_running_d3_uncomp.avi,person15_running_d3_s2_running_flip.avi,4,200,245,running,T
person15_running_d3,person15_running_d3_uncomp.avi,person15_empty_d3_s2_running_original.avi,5,246,299,empty,F
person15_running_d3,person15_running_d3_uncomp.avi,person15_empty_d3_s2_running_flip.avi,5,246,299,empty,T
person15_running_d3,person15_running_d3_uncomp.avi,person15_running_d3_s3_running_original.avi,6,300,344,running,F
person15_running_d3,person15_running_d3_uncomp.avi,person15_running_d3_s3_running_flip.avi,6,300,344,running,T
person15_running_d4,person15_running_d4_uncomp.avi,person15_running_d4_s0_running_original.avi,0,1,55,running,F
person15_running_d4,person15_running_d4_uncomp.avi,person15_running_d4_s0_running_flip.avi,0,1,55,running,T
person15_running_d4,person15_running_d4_uncomp.avi,person15_empty_d4_s0_running_original.avi,1,56,91,empty,F
person15_running_d4,person15_running_d4_uncomp.avi,person15_empty_d4_s0_running_flip.avi,1,56,91,empty,T
person15_running_d4,person15_running_d4_uncomp.avi,person15_running_d4_s1_running_original.avi,2,92,150,running,F
person15_running_d4,person15_running_d4_uncomp.avi,person15_running_d4_s1_running_flip.avi,2,92,150,running,T
person15_running_d4,person15_running_d4_uncomp.avi,person15_empty_d4_s1_running_original.avi,3,151,169,empty,F
person15_running_d4,person15_running_d4_uncomp.avi,person15_empty_d4_s1_running_flip.avi,3,151,169,empty,T
person15_running_d4,person15_running_d4_uncomp.avi,person15_running_d4_s2_running_original.avi,4,170,225,running,F
person15_running_d4,person15_running_d4_uncomp.avi,person15_running_d4_s2_running_flip.avi,4,170,225,running,T
person15_running_d4,person15_running_d4_uncomp.avi,person15_empty_d4_s2_running_original.avi,5,226,264,empty,F
person15_running_d4,person15_running_d4_uncomp.avi,person15_empty_d4_s2_running_flip.avi,5,226,264,empty,T
person15_running_d4,person15_running_d4_uncomp.avi,person15_running_d4_s3_running_original.avi,6,265,320,running,F
person15_running_d4,person15_running_d4_uncomp.avi,person15_running_d4_s3_running_flip.avi,6,265,320,running,T
person15_walking_d1,person15_walking_d1_uncomp.avi,person15_walking_d1_s0_walking_original.avi,0,1,105,walking,F
person15_walking_d1,person15_walking_d1_uncomp.avi,person15_walking_d1_s0_walking_flip.avi,0,1,105,walking,T
person15_walking_d1,person15_walking_d1_uncomp.avi,person15_empty_d1_s0_walking_original.avi,1,106,214,empty,F
person15_walking_d1,person15_walking_d1_uncomp.avi,person15_empty_d1_s0_walking_flip.avi,1,106,214,empty,T
person15_walking_d1,person15_walking_d1_uncomp.avi,person15_walking_d1_s1_walking_original.avi,2,215,338,walking,F
person15_walking_d1,person15_walking_d1_uncomp.avi,person15_walking_d1_s1_walking_flip.avi,2,215,338,walking,T
person15_walking_d1,person15_walking_d1_uncomp.avi,person15_empty_d1_s1_walking_original.avi,3,339,421,empty,F
person15_walking_d1,person15_walking_d1_uncomp.avi,person15_empty_d1_s1_walking_flip.avi,3,339,421,empty,T
person15_walking_d1,person15_walking_d1_uncomp.avi,person15_walking_d1_s2_walking_original.avi,4,422,540,walking,F
person15_walking_d1,person15_walking_d1_uncomp.avi,person15_walking_d1_s2_walking_flip.avi,4,422,540,walking,T
person15_walking_d1,person15_walking_d1_uncomp.avi,person15_empty_d1_s2_walking_original.avi,5,541,629,empty,F
person15_walking_d1,person15_walking_d1_uncomp.avi,person15_empty_d1_s2_walking_flip.avi,5,541,629,empty,T
person15_walking_d1,person15_walking_d1_uncomp.avi,person15_walking_d1_s3_walking_original.avi,6,630,741,walking,F
person15_walking_d1,person15_walking_d1_uncomp.avi,person15_walking_d1_s3_walking_flip.avi,6,630,741,walking,T
person15_walking_d2,person15_walking_d2_uncomp.avi,person15_walking_d2_s0_walking_original.avi,0,1,175,walking,F
person15_walking_d2,person15_walking_d2_uncomp.avi,person15_walking_d2_s0_walking_flip.avi,0,1,175,walking,T
person15_walking_d2,person15_walking_d2_uncomp.avi,person15_empty_d2_s0_walking_original.avi,1,176,234,empty,F
person15_walking_d2,person15_walking_d2_uncomp.avi,person15_empty_d2_s0_walking_flip.avi,1,176,234,empty,T
person15_walking_d2,person15_walking_d2_uncomp.avi,person15_walking_d2_s1_walking_original.avi,2,235,375,walking,F
person15_walking_d2,person15_walking_d2_uncomp.avi,person15_walking_d2_s1_walking_flip.avi,2,235,375,walking,T
person15_walking_d2,person15_walking_d2_uncomp.avi,person15_empty_d2_s1_walking_original.avi,3,376,434,empty,F
person15_walking_d2,person15_walking_d2_uncomp.avi,person15_empty_d2_s1_walking_flip.avi,3,376,434,empty,T
person15_walking_d2,person15_walking_d2_uncomp.avi,person15_walking_d2_s2_walking_original.avi,4,435,575,walking,F
person15_walking_d2,person15_walking_d2_uncomp.avi,person15_walking_d2_s2_walking_flip.avi,4,435,575,walking,T
person15_walking_d2,person15_walking_d2_uncomp.avi,person15_empty_d2_s2_walking_original.avi,5,576,649,empty,F
person15_walking_d2,person15_walking_d2_uncomp.avi,person15_empty_d2_s2_walking_flip.avi,5,576,649,empty,T
person15_walking_d2,person15_walking_d2_uncomp.avi,person15_walking_d2_s3_walking_original.avi,6,650,790,walking,F
person15_walking_d2,person15_walking_d2_uncomp.avi,person15_walking_d2_s3_walking_flip.avi,6,650,790,walking,T
person15_walking_d3,person15_walking_d3_uncomp.avi,person15_walking_d3_s0_walking_original.avi,0,1,80,walking,F
person15_walking_d3,person15_walking_d3_uncomp.avi,person15_walking_d3_s0_walking_flip.avi,0,1,80,walking,T
person15_walking_d3,person15_walking_d3_uncomp.avi,person15_empty_d3_s0_walking_original.avi,1,81,174,empty,F
person15_walking_d3,person15_walking_d3_uncomp.avi,person15_empty_d3_s0_walking_flip.avi,1,81,174,empty,T
person15_walking_d3,person15_walking_d3_uncomp.avi,person15_walking_d3_s1_walking_original.avi,2,175,258,walking,F
person15_walking_d3,person15_walking_d3_uncomp.avi,person15_walking_d3_s1_walking_flip.avi,2,175,258,walking,T
person15_walking_d3,person15_walking_d3_uncomp.avi,person15_empty_d3_s1_walking_original.avi,3,259,364,empty,F
person15_walking_d3,person15_walking_d3_uncomp.avi,person15_empty_d3_s1_walking_flip.avi,3,259,364,empty,T
person15_walking_d3,person15_walking_d3_uncomp.avi,person15_walking_d3_s2_walking_original.avi,4,365,455,walking,F
person15_walking_d3,person15_walking_d3_uncomp.avi,person15_walking_d3_s2_walking_flip.avi,4,365,455,walking,T
person15_walking_d3,person15_walking_d3_uncomp.avi,person15_empty_d3_s2_walking_original.avi,5,456,564,empty,F
person15_walking_d3,person15_walking_d3_uncomp.avi,person15_empty_d3_s2_walking_flip.avi,5,456,564,empty,T
person15_walking_d3,person15_walking_d3_uncomp.avi,person15_walking_d3_s3_walking_original.avi,6,565,655,walking,F
person15_walking_d3,person15_walking_d3_uncomp.avi,person15_walking_d3_s3_walking_flip.avi,6,565,655,walking,T
person15_walking_d4,person15_walking_d4_uncomp.avi,person15_walking_d4_s0_walking_original.avi,0,1,145,walking,F
person15_walking_d4,person15_walking_d4_uncomp.avi,person15_walking_d4_s0_walking_flip.avi,0,1,145,walking,T
person15_walking_d4,person15_walking_d4_uncomp.avi,person15_empty_d4_s0_walking_original.avi,1,146,169,empty,F
person15_walking_d4,person15_walking_d4_uncomp.avi,person15_empty_d4_s0_walking_flip.avi,1,146,169,empty,T
person15_walking_d4,person15_walking_d4_uncomp.avi,person15_walking_d4_s1_walking_original.avi,2,170,322,walking,F
person15_walking_d4,person15_walking_d4_uncomp.avi,person15_walking_d4_s1_walking_flip.avi,2,170,322,walking,T
person15_walking_d4,person15_walking_d4_uncomp.avi,person15_empty_d4_s1_walking_original.avi,3,323,339,empty,F
person15_walking_d4,person15_walking_d4_uncomp.avi,person15_empty_d4_s1_walking_flip.avi,3,323,339,empty,T
person15_walking_d4,person15_walking_d4_uncomp.avi,person15_walking_d4_s2_walking_original.avi,4,340,470,walking,F
person15_walking_d4,person15_walking_d4_uncomp.avi,person15_walking_d4_s2_walking_flip.avi,4,340,470,walking,T
person15_walking_d4,person15_walking_d4_uncomp.avi,person15_empty_d4_s2_walking_original.avi,5,471,534,empty,F
person15_walking_d4,person15_walking_d4_uncomp.avi,person15_empty_d4_s2_walking_flip.avi,5,471,534,empty,T
person15_walking_d4,person15_walking_d4_uncomp.avi,person15_walking_d4_s3_walking_original.avi,6,535,678,walking,F
person15_walking_d4,person15_walking_d4_uncomp.avi,person15_walking_d4_s3_walking_flip.avi,6,535,678,walking,T
person16_boxing_d1,person16_boxing_d1_uncomp.avi,person16_boxing_d1_s0_boxing_original.avi,0,1,105,boxing,F
person16_boxing_d1,person16_boxing_d1_uncomp.avi,person16_boxing_d1_s0_boxing_flip.avi,0,1,105,boxing,T
person16_boxing_d1,person16_boxing_d1_uncomp.avi,person16_boxing_d1_s1_boxing_original.avi,1,106,225,boxing,F
person16_boxing_d1,person16_boxing_d1_uncomp.avi,person16_boxing_d1_s1_boxing_flip.avi,1,106,225,boxing,T
person16_boxing_d1,person16_boxing_d1_uncomp.avi,person16_boxing_d1_s2_boxing_original.avi,2,226,362,boxing,F
person16_boxing_d1,person16_boxing_d1_uncomp.avi,person16_boxing_d1_s2_boxing_flip.avi,2,226,362,boxing,T
person16_boxing_d1,person16_boxing_d1_uncomp.avi,person16_boxing_d1_s3_boxing_original.avi,3,363,494,boxing,F
person16_boxing_d1,person16_boxing_d1_uncomp.avi,person16_boxing_d1_s3_boxing_flip.avi,3,363,494,boxing,T
person16_boxing_d2,person16_boxing_d2_uncomp.avi,person16_boxing_d2_s0_boxing_original.avi,0,1,42,boxing,F
person16_boxing_d2,person16_boxing_d2_uncomp.avi,person16_boxing_d2_s0_boxing_flip.avi,0,1,42,boxing,T
person16_boxing_d2,person16_boxing_d2_uncomp.avi,person16_empty_d2_s0_boxing_original.avi,1,43,73,empty,F
person16_boxing_d2,person16_boxing_d2_uncomp.avi,person16_empty_d2_s0_boxing_flip.avi,1,43,73,empty,T
person16_boxing_d2,person16_boxing_d2_uncomp.avi,person16_boxing_d2_s1_boxing_original.avi,2,74,200,boxing,F
person16_boxing_d2,person16_boxing_d2_uncomp.avi,person16_boxing_d2_s1_boxing_flip.avi,2,74,200,boxing,T
person16_boxing_d2,person16_boxing_d2_uncomp.avi,person16_boxing_d2_s2_boxing_original.avi,3,201,280,boxing,F
person16_boxing_d2,person16_boxing_d2_uncomp.avi,person16_boxing_d2_s2_boxing_flip.avi,3,201,280,boxing,T
person16_boxing_d2,person16_boxing_d2_uncomp.avi,person16_empty_d2_s1_boxing_original.avi,4,281,341,empty,F
person16_boxing_d2,person16_boxing_d2_uncomp.avi,person16_empty_d2_s1_boxing_flip.avi,4,281,341,empty,T
person16_boxing_d2,person16_boxing_d2_uncomp.avi,person16_boxing_d2_s3_boxing_original.avi,5,342,466,boxing,F
person16_boxing_d2,person16_boxing_d2_uncomp.avi,person16_boxing_d2_s3_boxing_flip.avi,5,342,466,boxing,T
person16_boxing_d3,person16_boxing_d3_uncomp.avi,person16_boxing_d3_s0_boxing_original.avi,0,1,120,boxing,F
person16_boxing_d3,person16_boxing_d3_uncomp.avi,person16_boxing_d3_s0_boxing_flip.avi,0,1,120,boxing,T
person16_boxing_d3,person16_boxing_d3_uncomp.avi,person16_boxing_d3_s1_boxing_original.avi,1,121,250,boxing,F
person16_boxing_d3,person16_boxing_d3_uncomp.avi,person16_boxing_d3_s1_boxing_flip.avi,1,121,250,boxing,T
person16_boxing_d3,person16_boxing_d3_uncomp.avi,person16_boxing_d3_s2_boxing_original.avi,2,251,370,boxing,F
person16_boxing_d3,person16_boxing_d3_uncomp.avi,person16_boxing_d3_s2_boxing_flip.avi,2,251,370,boxing,T
person16_boxing_d3,person16_boxing_d3_uncomp.avi,person16_boxing_d3_s3_boxing_original.avi,3,371,530,boxing,F
person16_boxing_d3,person16_boxing_d3_uncomp.avi,person16_boxing_d3_s3_boxing_flip.avi,3,371,530,boxing,T
person16_boxing_d4,person16_boxing_d4_uncomp.avi,person16_boxing_d4_s0_boxing_original.avi,0,1,120,boxing,F
person16_boxing_d4,person16_boxing_d4_uncomp.avi,person16_boxing_d4_s0_boxing_flip.avi,0,1,120,boxing,T
person16_boxing_d4,person16_boxing_d4_uncomp.avi,person16_boxing_d4_s1_boxing_original.avi,1,121,208,boxing,F
person16_boxing_d4,person16_boxing_d4_uncomp.avi,person16_boxing_d4_s1_boxing_flip.avi,1,121,208,boxing,T
person16_boxing_d4,person16_boxing_d4_uncomp.avi,person16_boxing_d4_s2_boxing_original.avi,2,209,365,boxing,F
person16_boxing_d4,person16_boxing_d4_uncomp.avi,person16_boxing_d4_s2_boxing_flip.avi,2,209,365,boxing,T
person16_boxing_d4,person16_boxing_d4_uncomp.avi,person16_boxing_d4_s3_boxing_original.avi,3,366,460,boxing,F
person16_boxing_d4,person16_boxing_d4_uncomp.avi,person16_boxing_d4_s3_boxing_flip.avi,3,366,460,boxing,T
person16_handclapping_d1,person16_handclapping_d1_uncomp.avi,person16_handclapping_d1_s0_handclapping_original.avi,0,1,100,handclapping,F
person16_handclapping_d1,person16_handclapping_d1_uncomp.avi,person16_handclapping_d1_s0_handclapping_flip.avi,0,1,100,handclapping,T
person16_handclapping_d1,person16_handclapping_d1_uncomp.avi,person16_handclapping_d1_s1_handclapping_original.avi,1,101,235,handclapping,F
person16_handclapping_d1,person16_handclapping_d1_uncomp.avi,person16_handclapping_d1_s1_handclapping_flip.avi,1,101,235,handclapping,T
person16_handclapping_d1,person16_handclapping_d1_uncomp.avi,person16_handclapping_d1_s2_handclapping_original.avi,2,236,338,handclapping,F
person16_handclapping_d1,person16_handclapping_d1_uncomp.avi,person16_handclapping_d1_s2_handclapping_flip.avi,2,236,338,handclapping,T
person16_handclapping_d1,person16_handclapping_d1_uncomp.avi,person16_handclapping_d1_s3_handclapping_original.avi,3,339,470,handclapping,F
person16_handclapping_d1,person16_handclapping_d1_uncomp.avi,person16_handclapping_d1_s3_handclapping_flip.avi,3,339,470,handclapping,T
person16_handclapping_d2,person16_handclapping_d2_uncomp.avi,person16_handclapping_d2_s0_handclapping_original.avi,0,1,115,handclapping,F
person16_handclapping_d2,person16_handclapping_d2_uncomp.avi,person16_handclapping_d2_s0_handclapping_flip.avi,0,1,115,handclapping,T
person16_handclapping_d2,person16_handclapping_d2_uncomp.avi,person16_handclapping_d2_s1_handclapping_original.avi,1,116,202,handclapping,F
person16_handclapping_d2,person16_handclapping_d2_uncomp.avi,person16_handclapping_d2_s1_handclapping_flip.avi,1,116,202,handclapping,T
person16_handclapping_d2,person16_handclapping_d2_uncomp.avi,person16_handclapping_d2_s2_handclapping_original.avi,2,203,304,handclapping,F
person16_handclapping_d2,person16_handclapping_d2_uncomp.avi,person16_handclapping_d2_s2_handclapping_flip.avi,2,203,304,handclapping,T
person16_handclapping_d2,person16_handclapping_d2_uncomp.avi,person16_empty_d2_s0_handclapping_original.avi,3,305,333,empty,F
person16_handclapping_d2,person16_handclapping_d2_uncomp.avi,person16_empty_d2_s0_handclapping_flip.avi,3,305,333,empty,T
person16_handclapping_d2,person16_handclapping_d2_uncomp.avi,person16_handclapping_d2_s3_handclapping_original.avi,4,334,448,handclapping,F
person16_handclapping_d2,person16_handclapping_d2_uncomp.avi,person16_handclapping_d2_s3_handclapping_flip.avi,4,334,448,handclapping,T
person16_handclapping_d3,person16_handclapping_d3_uncomp.avi,person16_handclapping_d3_s0_handclapping_original.avi,0,1,110,handclapping,F
person16_handclapping_d3,person16_handclapping_d3_uncomp.avi,person16_handclapping_d3_s0_handclapping_flip.avi,0,1,110,handclapping,T
person16_handclapping_d3,person16_handclapping_d3_uncomp.avi,person16_handclapping_d3_s1_handclapping_original.avi,1,111,210,handclapping,F
person16_handclapping_d3,person16_handclapping_d3_uncomp.avi,person16_handclapping_d3_s1_handclapping_flip.avi,1,111,210,handclapping,T
person16_handclapping_d3,person16_handclapping_d3_uncomp.avi,person16_handclapping_d3_s2_handclapping_original.avi,2,211,340,handclapping,F
person16_handclapping_d3,person16_handclapping_d3_uncomp.avi,person16_handclapping_d3_s2_handclapping_flip.avi,2,211,340,handclapping,T
person16_handclapping_d3,person16_handclapping_d3_uncomp.avi,person16_handclapping_d3_s3_handclapping_original.avi,3,341,485,handclapping,F
person16_handclapping_d3,person16_handclapping_d3_uncomp.avi,person16_handclapping_d3_s3_handclapping_flip.avi,3,341,485,handclapping,T
person16_handclapping_d4,person16_handclapping_d4_uncomp.avi,person16_handclapping_d4_s0_handclapping_original.avi,0,1,104,handclapping,F
person16_handclapping_d4,person16_handclapping_d4_uncomp.avi,person16_handclapping_d4_s0_handclapping_flip.avi,0,1,104,handclapping,T
person16_handclapping_d4,person16_handclapping_d4_uncomp.avi,person16_handclapping_d4_s1_handclapping_original.avi,1,105,192,handclapping,F
person16_handclapping_d4,person16_handclapping_d4_uncomp.avi,person16_handclapping_d4_s1_handclapping_flip.avi,1,105,192,handclapping,T
person16_handclapping_d4,person16_handclapping_d4_uncomp.avi,person16_handclapping_d4_s2_handclapping_original.avi,2,193,278,handclapping,F
person16_handclapping_d4,person16_handclapping_d4_uncomp.avi,person16_handclapping_d4_s2_handclapping_flip.avi,2,193,278,handclapping,T
person16_handclapping_d4,person16_handclapping_d4_uncomp.avi,person16_handclapping_d4_s3_handclapping_original.avi,3,279,390,handclapping,F
person16_handclapping_d4,person16_handclapping_d4_uncomp.avi,person16_handclapping_d4_s3_handclapping_flip.avi,3,279,390,handclapping,T
person16_handwaving_d1,person16_handwaving_d1_uncomp.avi,person16_handwaving_d1_s0_handwaving_original.avi,0,1,105,handwaving,F
person16_handwaving_d1,person16_handwaving_d1_uncomp.avi,person16_handwaving_d1_s0_handwaving_flip.avi,0,1,105,handwaving,T
person16_handwaving_d1,person16_handwaving_d1_uncomp.avi,person16_handwaving_d1_s1_handwaving_original.avi,1,106,244,handwaving,F
person16_handwaving_d1,person16_handwaving_d1_uncomp.avi,person16_handwaving_d1_s1_handwaving_flip.avi,1,106,244,handwaving,T
person16_handwaving_d1,person16_handwaving_d1_uncomp.avi,person16_handwaving_d1_s2_handwaving_original.avi,2,245,349,handwaving,F
person16_handwaving_d1,person16_handwaving_d1_uncomp.avi,person16_handwaving_d1_s2_handwaving_flip.avi,2,245,349,handwaving,T
person16_handwaving_d1,person16_handwaving_d1_uncomp.avi,person16_handwaving_d1_s3_handwaving_original.avi,3,350,492,handwaving,F
person16_handwaving_d1,person16_handwaving_d1_uncomp.avi,person16_handwaving_d1_s3_handwaving_flip.avi,3,350,492,handwaving,T
person16_handwaving_d2,person16_handwaving_d2_uncomp.avi,person16_handwaving_d2_s0_handwaving_original.avi,0,1,108,handwaving,F
person16_handwaving_d2,person16_handwaving_d2_uncomp.avi,person16_handwaving_d2_s0_handwaving_flip.avi,0,1,108,handwaving,T
person16_handwaving_d2,person16_handwaving_d2_uncomp.avi,person16_handwaving_d2_s1_handwaving_original.avi,1,109,200,handwaving,F
person16_handwaving_d2,person16_handwaving_d2_uncomp.avi,person16_handwaving_d2_s1_handwaving_flip.avi,1,109,200,handwaving,T
person16_handwaving_d2,person16_handwaving_d2_uncomp.avi,person16_empty_d2_s0_handwaving_original.avi,2,201,245,empty,F
person16_handwaving_d2,person16_handwaving_d2_uncomp.avi,person16_empty_d2_s0_handwaving_flip.avi,2,201,245,empty,T
person16_handwaving_d2,person16_handwaving_d2_uncomp.avi,person16_handwaving_d2_s2_handwaving_original.avi,3,246,352,handwaving,F
person16_handwaving_d2,person16_handwaving_d2_uncomp.avi,person16_handwaving_d2_s2_handwaving_flip.avi,3,246,352,handwaving,T
person16_handwaving_d2,person16_handwaving_d2_uncomp.avi,person16_empty_d2_s1_handwaving_original.avi,4,353,353,empty,F
person16_handwaving_d2,person16_handwaving_d2_uncomp.avi,person16_empty_d2_s1_handwaving_flip.avi,4,353,353,empty,T
person16_handwaving_d2,person16_handwaving_d2_uncomp.avi,person16_handwaving_d2_s3_handwaving_original.avi,5,354,497,handwaving,F
person16_handwaving_d2,person16_handwaving_d2_uncomp.avi,person16_handwaving_d2_s3_handwaving_flip.avi,5,354,497,handwaving,T
person16_handwaving_d3,person16_handwaving_d3_uncomp.avi,person16_handwaving_d3_s0_handwaving_original.avi,0,1,112,handwaving,F
person16_handwaving_d3,person16_handwaving_d3_uncomp.avi,person16_handwaving_d3_s0_handwaving_flip.avi,0,1,112,handwaving,T
person16_handwaving_d3,person16_handwaving_d3_uncomp.avi,person16_handwaving_d3_s1_handwaving_original.avi,1,113,258,handwaving,F
person16_handwaving_d3,person16_handwaving_d3_uncomp.avi,person16_handwaving_d3_s1_handwaving_flip.avi,1,113,258,handwaving,T
person16_handwaving_d3,person16_handwaving_d3_uncomp.avi,person16_handwaving_d3_s2_handwaving_original.avi,2,259,365,handwaving,F
person16_handwaving_d3,person16_handwaving_d3_uncomp.avi,person16_handwaving_d3_s2_handwaving_flip.avi,2,259,365,handwaving,T
person16_handwaving_d3,person16_handwaving_d3_uncomp.avi,person16_handwaving_d3_s3_handwaving_original.avi,3,366,508,handwaving,F
person16_handwaving_d3,person16_handwaving_d3_uncomp.avi,person16_handwaving_d3_s3_handwaving_flip.avi,3,366,508,handwaving,T
person16_handwaving_d4,person16_handwaving_d4_uncomp.avi,person16_handwaving_d4_s0_handwaving_original.avi,0,1,104,handwaving,F
person16_handwaving_d4,person16_handwaving_d4_uncomp.avi,person16_handwaving_d4_s0_handwaving_flip.avi,0,1,104,handwaving,T
person16_handwaving_d4,person16_handwaving_d4_uncomp.avi,person16_handwaving_d4_s1_handwaving_original.avi,1,105,206,handwaving,F
person16_handwaving_d4,person16_handwaving_d4_uncomp.avi,person16_handwaving_d4_s1_handwaving_flip.avi,1,105,206,handwaving,T
person16_handwaving_d4,person16_handwaving_d4_uncomp.avi,person16_handwaving_d4_s2_handwaving_original.avi,2,207,311,handwaving,F
person16_handwaving_d4,person16_handwaving_d4_uncomp.avi,person16_handwaving_d4_s2_handwaving_flip.avi,2,207,311,handwaving,T
person16_handwaving_d4,person16_handwaving_d4_uncomp.avi,person16_handwaving_d4_s3_handwaving_original.avi,3,212,456,handwaving,F
person16_handwaving_d4,person16_handwaving_d4_uncomp.avi,person16_handwaving_d4_s3_handwaving_flip.avi,3,212,456,handwaving,T
person16_jogging_d1,person16_jogging_d1_uncomp.avi,person16_jogging_d1_s0_jogging_original.avi,0,1,60,jogging,F
person16_jogging_d1,person16_jogging_d1_uncomp.avi,person16_jogging_d1_s0_jogging_flip.avi,0,1,60,jogging,T
person16_jogging_d1,person16_jogging_d1_uncomp.avi,person16_empty_d1_s0_jogging_original.avi,1,61,119,empty,F
person16_jogging_d1,person16_jogging_d1_uncomp.avi,person16_empty_d1_s0_jogging_flip.avi,1,61,119,empty,T
person16_jogging_d1,person16_jogging_d1_uncomp.avi,person16_jogging_d1_s1_jogging_original.avi,2,120,190,jogging,F
person16_jogging_d1,person16_jogging_d1_uncomp.avi,person16_jogging_d1_s1_jogging_flip.avi,2,120,190,jogging,T
person16_jogging_d1,person16_jogging_d1_uncomp.avi,person16_empty_d1_s1_jogging_original.avi,3,191,239,empty,F
person16_jogging_d1,person16_jogging_d1_uncomp.avi,person16_empty_d1_s1_jogging_flip.avi,3,191,239,empty,T
person16_jogging_d1,person16_jogging_d1_uncomp.avi,person16_jogging_d1_s2_jogging_original.avi,4,240,300,jogging,F
person16_jogging_d1,person16_jogging_d1_uncomp.avi,person16_jogging_d1_s2_jogging_flip.avi,4,240,300,jogging,T
person16_jogging_d1,person16_jogging_d1_uncomp.avi,person16_empty_d1_s2_jogging_original.avi,5,301,359,empty,F
person16_jogging_d1,person16_jogging_d1_uncomp.avi,person16_empty_d1_s2_jogging_flip.avi,5,301,359,empty,T
person16_jogging_d1,person16_jogging_d1_uncomp.avi,person16_jogging_d1_s3_jogging_original.avi,6,360,428,jogging,F
person16_jogging_d1,person16_jogging_d1_uncomp.avi,person16_jogging_d1_s3_jogging_flip.avi,6,360,428,jogging,T
person16_jogging_d2,person16_jogging_d2_uncomp.avi,person16_jogging_d2_s0_jogging_original.avi,0,1,90,jogging,F
person16_jogging_d2,person16_jogging_d2_uncomp.avi,person16_jogging_d2_s0_jogging_flip.avi,0,1,90,jogging,T
person16_jogging_d2,person16_jogging_d2_uncomp.avi,person16_empty_d2_s0_jogging_original.avi,1,91,134,empty,F
person16_jogging_d2,person16_jogging_d2_uncomp.avi,person16_empty_d2_s0_jogging_flip.avi,1,91,134,empty,T
person16_jogging_d2,person16_jogging_d2_uncomp.avi,person16_jogging_d2_s1_jogging_original.avi,2,135,225,jogging,F
person16_jogging_d2,person16_jogging_d2_uncomp.avi,person16_jogging_d2_s1_jogging_flip.avi,2,135,225,jogging,T
person16_jogging_d2,person16_jogging_d2_uncomp.avi,person16_empty_d2_s1_jogging_original.avi,3,226,284,empty,F
person16_jogging_d2,person16_jogging_d2_uncomp.avi,person16_empty_d2_s1_jogging_flip.avi,3,226,284,empty,T
person16_jogging_d2,person16_jogging_d2_uncomp.avi,person16_jogging_d2_s2_jogging_original.avi,4,285,365,jogging,F
person16_jogging_d2,person16_jogging_d2_uncomp.avi,person16_jogging_d2_s2_jogging_flip.avi,4,285,365,jogging,T
person16_jogging_d2,person16_jogging_d2_uncomp.avi,person16_empty_d2_s2_jogging_original.avi,5,366,414,empty,F
person16_jogging_d2,person16_jogging_d2_uncomp.avi,person16_empty_d2_s2_jogging_flip.avi,5,366,414,empty,T
person16_jogging_d2,person16_jogging_d2_uncomp.avi,person16_jogging_d2_s3_jogging_original.avi,6,415,510,jogging,F
person16_jogging_d2,person16_jogging_d2_uncomp.avi,person16_jogging_d2_s3_jogging_flip.avi,6,415,510,jogging,T
person16_jogging_d3,person16_jogging_d3_uncomp.avi,person16_jogging_d3_s0_jogging_original.avi,0,1,60,jogging,F
person16_jogging_d3,person16_jogging_d3_uncomp.avi,person16_jogging_d3_s0_jogging_flip.avi,0,1,60,jogging,T
person16_jogging_d3,person16_jogging_d3_uncomp.avi,person16_empty_d3_s0_jogging_original.avi,1,61,149,empty,F
person16_jogging_d3,person16_jogging_d3_uncomp.avi,person16_empty_d3_s0_jogging_flip.avi,1,61,149,empty,T
person16_jogging_d3,person16_jogging_d3_uncomp.avi,person16_jogging_d3_s1_jogging_original.avi,2,150,200,jogging,F
person16_jogging_d3,person16_jogging_d3_uncomp.avi,person16_jogging_d3_s1_jogging_flip.avi,2,150,200,jogging,T
person16_jogging_d3,person16_jogging_d3_uncomp.avi,person16_empty_d3_s1_jogging_original.avi,3,201,281,empty,F
person16_jogging_d3,person16_jogging_d3_uncomp.avi,person16_empty_d3_s1_jogging_flip.avi,3,201,281,empty,T
person16_jogging_d3,person16_jogging_d3_uncomp.avi,person16_jogging_d3_s2_jogging_original.avi,4,282,340,jogging,F
person16_jogging_d3,person16_jogging_d3_uncomp.avi,person16_jogging_d3_s2_jogging_flip.avi,4,282,340,jogging,T
person16_jogging_d3,person16_jogging_d3_uncomp.avi,person16_empty_d3_s2_jogging_original.avi,5,341,429,empty,F
person16_jogging_d3,person16_jogging_d3_uncomp.avi,person16_empty_d3_s2_jogging_flip.avi,5,341,429,empty,T
person16_jogging_d3,person16_jogging_d3_uncomp.avi,person16_jogging_d3_s3_jogging_original.avi,6,430,490,jogging,F
person16_jogging_d3,person16_jogging_d3_uncomp.avi,person16_jogging_d3_s3_jogging_flip.avi,6,430,490,jogging,T
person16_jogging_d4,person16_jogging_d4_uncomp.avi,person16_jogging_d4_s0_jogging_original.avi,0,1,75,jogging,F
person16_jogging_d4,person16_jogging_d4_uncomp.avi,person16_jogging_d4_s0_jogging_flip.avi,0,1,75,jogging,T
person16_jogging_d4,person16_jogging_d4_uncomp.avi,person16_empty_d4_s0_jogging_original.avi,1,76,109,empty,F
person16_jogging_d4,person16_jogging_d4_uncomp.avi,person16_empty_d4_s0_jogging_flip.avi,1,76,109,empty,T
person16_jogging_d4,person16_jogging_d4_uncomp.avi,person16_jogging_d4_s1_jogging_original.avi,2,110,190,jogging,F
person16_jogging_d4,person16_jogging_d4_uncomp.avi,person16_jogging_d4_s1_jogging_flip.avi,2,110,190,jogging,T
person16_jogging_d4,person16_jogging_d4_uncomp.avi,person16_empty_d4_s1_jogging_original.avi,3,191,219,empty,F
person16_jogging_d4,person16_jogging_d4_uncomp.avi,person16_empty_d4_s1_jogging_flip.avi,3,191,219,empty,T
person16_jogging_d4,person16_jogging_d4_uncomp.avi,person16_jogging_d4_s2_jogging_original.avi,4,220,300,jogging,F
person16_jogging_d4,person16_jogging_d4_uncomp.avi,person16_jogging_d4_s2_jogging_flip.avi,4,220,300,jogging,T
person16_jogging_d4,person16_jogging_d4_uncomp.avi,person16_empty_d4_s2_jogging_original.avi,5,301,324,empty,F
person16_jogging_d4,person16_jogging_d4_uncomp.avi,person16_empty_d4_s2_jogging_flip.avi,5,301,324,empty,T
person16_jogging_d4,person16_jogging_d4_uncomp.avi,person16_jogging_d4_s3_jogging_original.avi,6,325,405,jogging,F
person16_jogging_d4,person16_jogging_d4_uncomp.avi,person16_jogging_d4_s3_jogging_flip.avi,6,325,405,jogging,T
person16_running_d1,person16_running_d1_uncomp.avi,person16_running_d1_s0_running_original.avi,0,1,50,running,F
person16_running_d1,person16_running_d1_uncomp.avi,person16_running_d1_s0_running_flip.avi,0,1,50,running,T
person16_running_d1,person16_running_d1_uncomp.avi,person16_empty_d1_s0_running_original.avi,1,51,104,empty,F
person16_running_d1,person16_running_d1_uncomp.avi,person16_empty_d1_s0_running_flip.avi,1,51,104,empty,T
person16_running_d1,person16_running_d1_uncomp.avi,person16_running_d1_s1_running_original.avi,2,105,152,running,F
person16_running_d1,person16_running_d1_uncomp.avi,person16_running_d1_s1_running_flip.avi,2,105,152,running,T
person16_running_d1,person16_running_d1_uncomp.avi,person16_empty_d1_s1_running_original.avi,3,153,217,empty,F
person16_running_d1,person16_running_d1_uncomp.avi,person16_empty_d1_s1_running_flip.avi,3,153,217,empty,T
person16_running_d1,person16_running_d1_uncomp.avi,person16_running_d1_s2_running_original.avi,4,218,270,running,F
person16_running_d1,person16_running_d1_uncomp.avi,person16_running_d1_s2_running_flip.avi,4,218,270,running,T
person16_running_d1,person16_running_d1_uncomp.avi,person16_empty_d1_s2_running_original.avi,5,271,319,empty,F
person16_running_d1,person16_running_d1_uncomp.avi,person16_empty_d1_s2_running_flip.avi,5,271,319,empty,T
person16_running_d1,person16_running_d1_uncomp.avi,person16_running_d1_s3_running_original.avi,6,320,380,running,F
person16_running_d1,person16_running_d1_uncomp.avi,person16_running_d1_s3_running_flip.avi,6,320,380,running,T
person16_running_d2,person16_running_d2_uncomp.avi,person16_running_d2_s0_running_original.avi,0,1,65,running,F
person16_running_d2,person16_running_d2_uncomp.avi,person16_running_d2_s0_running_flip.avi,0,1,65,running,T
person16_running_d2,person16_running_d2_uncomp.avi,person16_empty_d2_s0_running_original.avi,1,66,124,empty,F
person16_running_d2,person16_running_d2_uncomp.avi,person16_empty_d2_s0_running_flip.avi,1,66,124,empty,T
person16_running_d2,person16_running_d2_uncomp.avi,person16_running_d2_s1_running_original.avi,2,125,190,running,F
person16_running_d2,person16_running_d2_uncomp.avi,person16_running_d2_s1_running_flip.avi,2,125,190,running,T
person16_running_d2,person16_running_d2_uncomp.avi,person16_empty_d2_s1_running_original.avi,3,191,244,empty,F
person16_running_d2,person16_running_d2_uncomp.avi,person16_empty_d2_s1_running_flip.avi,3,191,244,empty,T
person16_running_d2,person16_running_d2_uncomp.avi,person16_running_d2_s2_running_original.avi,4,245,315,running,F
person16_running_d2,person16_running_d2_uncomp.avi,person16_running_d2_s2_running_flip.avi,4,245,315,running,T
person16_running_d2,person16_running_d2_uncomp.avi,person16_empty_d2_s2_running_original.avi,5,316,374,empty,F
person16_running_d2,person16_running_d2_uncomp.avi,person16_empty_d2_s2_running_flip.avi,5,316,374,empty,T
person16_running_d2,person16_running_d2_uncomp.avi,person16_running_d2_s3_running_original.avi,6,375,445,running,F
person16_running_d2,person16_running_d2_uncomp.avi,person16_running_d2_s3_running_flip.avi,6,375,445,running,T
person16_running_d3,person16_running_d3_uncomp.avi,person16_running_d3_s0_running_original.avi,0,1,50,running,F
person16_running_d3,person16_running_d3_uncomp.avi,person16_running_d3_s0_running_flip.avi,0,1,50,running,T
person16_running_d3,person16_running_d3_uncomp.avi,person16_empty_d3_s0_running_original.avi,1,51,129,empty,F
person16_running_d3,person16_running_d3_uncomp.avi,person16_empty_d3_s0_running_flip.avi,1,51,129,empty,T
person16_running_d3,person16_running_d3_uncomp.avi,person16_running_d3_s1_running_original.avi,2,130,185,running,F
person16_running_d3,person16_running_d3_uncomp.avi,person16_running_d3_s1_running_flip.avi,2,130,185,running,T
person16_running_d3,person16_running_d3_uncomp.avi,person16_empty_d3_s1_running_original.avi,3,186,255,empty,F
person16_running_d3,person16_running_d3_uncomp.avi,person16_empty_d3_s1_running_flip.avi,3,186,255,empty,T
person16_running_d3,person16_running_d3_uncomp.avi,person16_running_d3_s2_running_original.avi,4,256,300,running,F
person16_running_d3,person16_running_d3_uncomp.avi,person16_running_d3_s2_running_flip.avi,4,256,300,running,T
person16_running_d3,person16_running_d3_uncomp.avi,person16_empty_d3_s2_running_original.avi,5,301,389,empty,F
person16_running_d3,person16_running_d3_uncomp.avi,person16_empty_d3_s2_running_flip.avi,5,301,389,empty,T
person16_running_d3,person16_running_d3_uncomp.avi,person16_running_d3_s3_running_original.avi,6,390,440,running,F
person16_running_d3,person16_running_d3_uncomp.avi,person16_running_d3_s3_running_flip.avi,6,390,440,running,T
person16_running_d4,person16_running_d4_uncomp.avi,person16_running_d4_s0_running_original.avi,0,1,55,running,F
person16_running_d4,person16_running_d4_uncomp.avi,person16_running_d4_s0_running_flip.avi,0,1,55,running,T
person16_running_d4,person16_running_d4_uncomp.avi,person16_empty_d4_s0_running_original.avi,1,56,104,empty,F
person16_running_d4,person16_running_d4_uncomp.avi,person16_empty_d4_s0_running_flip.avi,1,56,104,empty,T
person16_running_d4,person16_running_d4_uncomp.avi,person16_running_d4_s1_running_original.avi,2,105,160,running,F
person16_running_d4,person16_running_d4_uncomp.avi,person16_running_d4_s1_running_flip.avi,2,105,160,running,T
person16_running_d4,person16_running_d4_uncomp.avi,person16_empty_d4_s1_running_original.avi,3,161,187,empty,F
person16_running_d4,person16_running_d4_uncomp.avi,person16_empty_d4_s1_running_flip.avi,3,161,187,empty,T
person16_running_d4,person16_running_d4_uncomp.avi,person16_running_d4_s2_running_original.avi,4,188,235,running,F
person16_running_d4,person16_running_d4_uncomp.avi,person16_running_d4_s2_running_flip.avi,4,188,235,running,T
person16_running_d4,person16_running_d4_uncomp.avi,person16_empty_d4_s2_running_original.avi,5,236,274,empty,F
person16_running_d4,person16_running_d4_uncomp.avi,person16_empty_d4_s2_running_flip.avi,5,236,274,empty,T
person16_running_d4,person16_running_d4_uncomp.avi,person16_running_d4_s3_running_original.avi,6,275,325,running,F
person16_running_d4,person16_running_d4_uncomp.avi,person16_running_d4_s3_running_flip.avi,6,275,325,running,T
person16_walking_d1,person16_walking_d1_uncomp.avi,person16_walking_d1_s0_walking_original.avi,0,1,95,walking,F
person16_walking_d1,person16_walking_d1_uncomp.avi,person16_walking_d1_s0_walking_flip.avi,0,1,95,walking,T
person16_walking_d1,person16_walking_d1_uncomp.avi,person16_empty_d1_s0_walking_original.avi,1,96,157,empty,F
person16_walking_d1,person16_walking_d1_uncomp.avi,person16_empty_d1_s0_walking_flip.avi,1,96,157,empty,T
person16_walking_d1,person16_walking_d1_uncomp.avi,person16_walking_d1_s1_walking_original.avi,2,158,252,walking,F
person16_walking_d1,person16_walking_d1_uncomp.avi,person16_walking_d1_s1_walking_flip.avi,2,158,252,walking,T
person16_walking_d1,person16_walking_d1_uncomp.avi,person16_empty_d1_s1_walking_original.avi,3,253,334,empty,F
person16_walking_d1,person16_walking_d1_uncomp.avi,person16_empty_d1_s1_walking_flip.avi,3,253,334,empty,T
person16_walking_d1,person16_walking_d1_uncomp.avi,person16_walking_d1_s2_walking_original.avi,4,335,445,walking,F
person16_walking_d1,person16_walking_d1_uncomp.avi,person16_walking_d1_s2_walking_flip.avi,4,335,445,walking,T
person16_walking_d1,person16_walking_d1_uncomp.avi,person16_empty_d1_s2_walking_original.avi,5,446,499,empty,F
person16_walking_d1,person16_walking_d1_uncomp.avi,person16_empty_d1_s2_walking_flip.avi,5,446,499,empty,T
person16_walking_d1,person16_walking_d1_uncomp.avi,person16_walking_d1_s3_walking_original.avi,6,500,605,walking,F
person16_walking_d1,person16_walking_d1_uncomp.avi,person16_walking_d1_s3_walking_flip.avi,6,500,605,walking,T
person16_walking_d2,person16_walking_d2_uncomp.avi,person16_walking_d2_s0_walking_original.avi,0,1,160,walking,F
person16_walking_d2,person16_walking_d2_uncomp.avi,person16_walking_d2_s0_walking_flip.avi,0,1,160,walking,T
person16_walking_d2,person16_walking_d2_uncomp.avi,person16_empty_d2_s0_walking_original.avi,1,161,224,empty,F
person16_walking_d2,person16_walking_d2_uncomp.avi,person16_empty_d2_s0_walking_flip.avi,1,161,224,empty,T
person16_walking_d2,person16_walking_d2_uncomp.avi,person16_walking_d2_s1_walking_original.avi,2,225,360,walking,F
person16_walking_d2,person16_walking_d2_uncomp.avi,person16_walking_d2_s1_walking_flip.avi,2,225,360,walking,T
person16_walking_d2,person16_walking_d2_uncomp.avi,person16_empty_d2_s1_walking_original.avi,3,361,419,empty,F
person16_walking_d2,person16_walking_d2_uncomp.avi,person16_empty_d2_s1_walking_flip.avi,3,361,419,empty,T
person16_walking_d2,person16_walking_d2_uncomp.avi,person16_walking_d2_s2_walking_original.avi,4,420,560,walking,F
person16_walking_d2,person16_walking_d2_uncomp.avi,person16_walking_d2_s2_walking_flip.avi,4,420,560,walking,T
person16_walking_d2,person16_walking_d2_uncomp.avi,person16_empty_d2_s2_walking_original.avi,5,561,609,empty,F
person16_walking_d2,person16_walking_d2_uncomp.avi,person16_empty_d2_s2_walking_flip.avi,5,561,609,empty,T
person16_walking_d2,person16_walking_d2_uncomp.avi,person16_walking_d2_s3_walking_original.avi,6,610,750,walking,F
person16_walking_d2,person16_walking_d2_uncomp.avi,person16_walking_d2_s3_walking_flip.avi,6,610,750,walking,T
person16_walking_d3,person16_walking_d3_uncomp.avi,person16_walking_d3_s0_walking_original.avi,0,1,95,walking,F
person16_walking_d3,person16_walking_d3_uncomp.avi,person16_walking_d3_s0_walking_flip.avi,0,1,95,walking,T
person16_walking_d3,person16_walking_d3_uncomp.avi,person16_empty_d3_s0_walking_original.avi,1,96,229,empty,F
person16_walking_d3,person16_walking_d3_uncomp.avi,person16_empty_d3_s0_walking_flip.avi,1,96,229,empty,T
person16_walking_d3,person16_walking_d3_uncomp.avi,person16_walking_d3_s1_walking_original.avi,2,230,330,walking,F
person16_walking_d3,person16_walking_d3_uncomp.avi,person16_walking_d3_s1_walking_flip.avi,2,230,330,walking,T
person16_walking_d3,person16_walking_d3_uncomp.avi,person16_empty_d3_s1_walking_original.avi,3,331,369,empty,F
person16_walking_d3,person16_walking_d3_uncomp.avi,person16_empty_d3_s1_walking_flip.avi,3,331,369,empty,T
person16_walking_d3,person16_walking_d3_uncomp.avi,person16_walking_d3_s2_walking_original.avi,4,370,485,walking,F
person16_walking_d3,person16_walking_d3_uncomp.avi,person16_walking_d3_s2_walking_flip.avi,4,370,485,walking,T
person16_walking_d3,person16_walking_d3_uncomp.avi,person16_empty_d3_s2_walking_original.avi,5,486,584,empty,F
person16_walking_d3,person16_walking_d3_uncomp.avi,person16_empty_d3_s2_walking_flip.avi,5,486,584,empty,T
person16_walking_d3,person16_walking_d3_uncomp.avi,person16_walking_d3_s3_walking_original.avi,6,585,695,walking,F
person16_walking_d3,person16_walking_d3_uncomp.avi,person16_walking_d3_s3_walking_flip.avi,6,585,695,walking,T
person16_walking_d4,person16_walking_d4_uncomp.avi,person16_walking_d4_s0_walking_original.avi,0,1,115,walking,F
person16_walking_d4,person16_walking_d4_uncomp.avi,person16_walking_d4_s0_walking_flip.avi,0,1,115,walking,T
person16_walking_d4,person16_walking_d4_uncomp.avi,person16_empty_d4_s0_walking_original.avi,1,116,154,empty,F
person16_walking_d4,person16_walking_d4_uncomp.avi,person16_empty_d4_s0_walking_flip.avi,1,116,154,empty,T
person16_walking_d4,person16_walking_d4_uncomp.avi,person16_walking_d4_s1_walking_original.avi,2,155,280,walking,F
person16_walking_d4,person16_walking_d4_uncomp.avi,person16_walking_d4_s1_walking_flip.avi,2,155,280,walking,T
person16_walking_d4,person16_walking_d4_uncomp.avi,person16_empty_d4_s1_walking_original.avi,3,281,305,empty,F
person16_walking_d4,person16_walking_d4_uncomp.avi,person16_empty_d4_s1_walking_flip.avi,3,281,305,empty,T
person16_walking_d4,person16_walking_d4_uncomp.avi,person16_walking_d4_s2_walking_original.avi,4,306,415,walking,F
person16_walking_d4,person16_walking_d4_uncomp.avi,person16_walking_d4_s2_walking_flip.avi,4,306,415,walking,T
person16_walking_d4,person16_walking_d4_uncomp.avi,person16_empty_d4_s2_walking_original.avi,5,416,454,empty,F
person16_walking_d4,person16_walking_d4_uncomp.avi,person16_empty_d4_s2_walking_flip.avi,5,416,454,empty,T
person16_walking_d4,person16_walking_d4_uncomp.avi,person16_walking_d4_s3_walking_original.avi,6,455,565,walking,F
person16_walking_d4,person16_walking_d4_uncomp.avi,person16_walking_d4_s3_walking_flip.avi,6,455,565,walking,T
person17_boxing_d1,person17_boxing_d1_uncomp.avi,person17_boxing_d1_s0_boxing_original.avi,0,1,110,boxing,F
person17_boxing_d1,person17_boxing_d1_uncomp.avi,person17_boxing_d1_s0_boxing_flip.avi,0,1,110,boxing,T
person17_boxing_d1,person17_boxing_d1_uncomp.avi,person17_boxing_d1_s1_boxing_original.avi,1,110,192,boxing,F
person17_boxing_d1,person17_boxing_d1_uncomp.avi,person17_boxing_d1_s1_boxing_flip.avi,1,110,192,boxing,T
person17_boxing_d1,person17_boxing_d1_uncomp.avi,person17_boxing_d1_s2_boxing_original.avi,2,193,306,boxing,F
person17_boxing_d1,person17_boxing_d1_uncomp.avi,person17_boxing_d1_s2_boxing_flip.avi,2,193,306,boxing,T
person17_boxing_d1,person17_boxing_d1_uncomp.avi,person17_boxing_d1_s3_boxing_original.avi,3,307,378,boxing,F
person17_boxing_d1,person17_boxing_d1_uncomp.avi,person17_boxing_d1_s3_boxing_flip.avi,3,307,378,boxing,T
person17_boxing_d2,person17_boxing_d2_uncomp.avi,person17_boxing_d2_s0_boxing_original.avi,0,1,112,boxing,F
person17_boxing_d2,person17_boxing_d2_uncomp.avi,person17_boxing_d2_s0_boxing_flip.avi,0,1,112,boxing,T
person17_boxing_d2,person17_boxing_d2_uncomp.avi,person17_boxing_d2_s1_boxing_original.avi,1,113,198,boxing,F
person17_boxing_d2,person17_boxing_d2_uncomp.avi,person17_boxing_d2_s1_boxing_flip.avi,1,113,198,boxing,T
person17_boxing_d2,person17_boxing_d2_uncomp.avi,person17_boxing_d2_s2_boxing_original.avi,2,199,335,boxing,F
person17_boxing_d2,person17_boxing_d2_uncomp.avi,person17_boxing_d2_s2_boxing_flip.avi,2,199,335,boxing,T
person17_boxing_d2,person17_boxing_d2_uncomp.avi,person17_boxing_d2_s3_boxing_original.avi,3,336,490,boxing,F
person17_boxing_d2,person17_boxing_d2_uncomp.avi,person17_boxing_d2_s3_boxing_flip.avi,3,336,490,boxing,T
person17_boxing_d3,person17_boxing_d3_uncomp.avi,person17_boxing_d3_s0_boxing_original.avi,0,1,122,boxing,F
person17_boxing_d3,person17_boxing_d3_uncomp.avi,person17_boxing_d3_s0_boxing_flip.avi,0,1,122,boxing,T
person17_boxing_d3,person17_boxing_d3_uncomp.avi,person17_boxing_d3_s1_boxing_original.avi,1,123,226,boxing,F
person17_boxing_d3,person17_boxing_d3_uncomp.avi,person17_boxing_d3_s1_boxing_flip.avi,1,123,226,boxing,T
person17_boxing_d3,person17_boxing_d3_uncomp.avi,person17_boxing_d3_s2_boxing_original.avi,2,227,332,boxing,F
person17_boxing_d3,person17_boxing_d3_uncomp.avi,person17_boxing_d3_s2_boxing_flip.avi,2,227,332,boxing,T
person17_boxing_d3,person17_boxing_d3_uncomp.avi,person17_boxing_d3_s3_boxing_original.avi,3,333,472,boxing,F
person17_boxing_d3,person17_boxing_d3_uncomp.avi,person17_boxing_d3_s3_boxing_flip.avi,3,333,472,boxing,T
person17_boxing_d4,person17_boxing_d4_uncomp.avi,person17_boxing_d4_s0_boxing_original.avi,0,1,92,boxing,F
person17_boxing_d4,person17_boxing_d4_uncomp.avi,person17_boxing_d4_s0_boxing_flip.avi,0,1,92,boxing,T
person17_boxing_d4,person17_boxing_d4_uncomp.avi,person17_boxing_d4_s1_boxing_original.avi,1,93,156,boxing,F
person17_boxing_d4,person17_boxing_d4_uncomp.avi,person17_boxing_d4_s1_boxing_flip.avi,1,93,156,boxing,T
person17_boxing_d4,person17_boxing_d4_uncomp.avi,person17_boxing_d4_s2_boxing_original.avi,2,157,254,boxing,F
person17_boxing_d4,person17_boxing_d4_uncomp.avi,person17_boxing_d4_s2_boxing_flip.avi,2,157,254,boxing,T
person17_boxing_d4,person17_boxing_d4_uncomp.avi,person17_boxing_d4_s3_boxing_original.avi,3,255,342,boxing,F
person17_boxing_d4,person17_boxing_d4_uncomp.avi,person17_boxing_d4_s3_boxing_flip.avi,3,255,342,boxing,T
person17_handclapping_d1,person17_handclapping_d1_uncomp.avi,person17_handclapping_d1_s0_handclapping_original.avi,0,1,90,handclapping,F
person17_handclapping_d1,person17_handclapping_d1_uncomp.avi,person17_handclapping_d1_s0_handclapping_flip.avi,0,1,90,handclapping,T
person17_handclapping_d1,person17_handclapping_d1_uncomp.avi,person17_handclapping_d1_s1_handclapping_original.avi,1,91,200,handclapping,F
person17_handclapping_d1,person17_handclapping_d1_uncomp.avi,person17_handclapping_d1_s1_handclapping_flip.avi,1,91,200,handclapping,T
person17_handclapping_d1,person17_handclapping_d1_uncomp.avi,person17_handclapping_d1_s2_handclapping_original.avi,2,201,280,handclapping,F
person17_handclapping_d1,person17_handclapping_d1_uncomp.avi,person17_handclapping_d1_s2_handclapping_flip.avi,2,201,280,handclapping,T
person17_handclapping_d1,person17_handclapping_d1_uncomp.avi,person17_handclapping_d1_s3_handclapping_original.avi,3,281,405,handclapping,F
person17_handclapping_d1,person17_handclapping_d1_uncomp.avi,person17_handclapping_d1_s3_handclapping_flip.avi,3,281,405,handclapping,T
person17_handclapping_d2,person17_handclapping_d2_uncomp.avi,person17_handclapping_d2_s0_handclapping_original.avi,0,1,100,handclapping,F
person17_handclapping_d2,person17_handclapping_d2_uncomp.avi,person17_handclapping_d2_s0_handclapping_flip.avi,0,1,100,handclapping,T
person17_handclapping_d2,person17_handclapping_d2_uncomp.avi,person17_empty_d2_s0_handclapping_original.avi,1,101,131,empty,F
person17_handclapping_d2,person17_handclapping_d2_uncomp.avi,person17_empty_d2_s0_handclapping_flip.avi,1,101,131,empty,T
person17_handclapping_d2,person17_handclapping_d2_uncomp.avi,person17_handclapping_d2_s1_handclapping_original.avi,2,132,200,handclapping,F
person17_handclapping_d2,person17_handclapping_d2_uncomp.avi,person17_handclapping_d2_s1_handclapping_flip.avi,2,132,200,handclapping,T
person17_handclapping_d2,person17_handclapping_d2_uncomp.avi,person17_empty_d2_s1_handclapping_original.avi,3,201,255,empty,F
person17_handclapping_d2,person17_handclapping_d2_uncomp.avi,person17_empty_d2_s1_handclapping_flip.avi,3,201,255,empty,T
person17_handclapping_d2,person17_handclapping_d2_uncomp.avi,person17_handclapping_d2_s2_handclapping_original.avi,4,256,382,handclapping,F
person17_handclapping_d2,person17_handclapping_d2_uncomp.avi,person17_handclapping_d2_s2_handclapping_flip.avi,4,256,382,handclapping,T
person17_handclapping_d2,person17_handclapping_d2_uncomp.avi,person17_empty_d2_s2_handclapping_original.avi,5,383,423,empty,F
person17_handclapping_d2,person17_handclapping_d2_uncomp.avi,person17_empty_d2_s2_handclapping_flip.avi,5,383,423,empty,T
person17_handclapping_d2,person17_handclapping_d2_uncomp.avi,person17_handclapping_d2_s3_handclapping_original.avi,6,424,520,handclapping,F
person17_handclapping_d2,person17_handclapping_d2_uncomp.avi,person17_handclapping_d2_s3_handclapping_flip.avi,6,424,520,handclapping,T
person17_handclapping_d3,person17_handclapping_d3_uncomp.avi,person17_handclapping_d3_s0_handclapping_original.avi,0,1,90,handclapping,F
person17_handclapping_d3,person17_handclapping_d3_uncomp.avi,person17_handclapping_d3_s0_handclapping_flip.avi,0,1,90,handclapping,T
person17_handclapping_d3,person17_handclapping_d3_uncomp.avi,person17_handclapping_d3_s1_handclapping_original.avi,1,91,208,handclapping,F
person17_handclapping_d3,person17_handclapping_d3_uncomp.avi,person17_handclapping_d3_s1_handclapping_flip.avi,1,91,208,handclapping,T
person17_handclapping_d3,person17_handclapping_d3_uncomp.avi,person17_handclapping_d3_s2_handclapping_original.avi,2,209,325,handclapping,F
person17_handclapping_d3,person17_handclapping_d3_uncomp.avi,person17_handclapping_d3_s2_handclapping_flip.avi,2,209,325,handclapping,T
person17_handclapping_d3,person17_handclapping_d3_uncomp.avi,person17_handclapping_d3_s3_handclapping_original.avi,3,326,450,handclapping,F
person17_handclapping_d3,person17_handclapping_d3_uncomp.avi,person17_handclapping_d3_s3_handclapping_flip.avi,3,326,450,handclapping,T
person17_handclapping_d4,person17_handclapping_d4_uncomp.avi,person17_handclapping_d4_s0_handclapping_original.avi,0,1,92,handclapping,F
person17_handclapping_d4,person17_handclapping_d4_uncomp.avi,person17_handclapping_d4_s0_handclapping_flip.avi,0,1,92,handclapping,T
person17_handclapping_d4,person17_handclapping_d4_uncomp.avi,person17_handclapping_d4_s1_handclapping_original.avi,1,93,168,handclapping,F
person17_handclapping_d4,person17_handclapping_d4_uncomp.avi,person17_handclapping_d4_s1_handclapping_flip.avi,1,93,168,handclapping,T
person17_handclapping_d4,person17_handclapping_d4_uncomp.avi,person17_handclapping_d4_s2_handclapping_original.avi,2,169,264,handclapping,F
person17_handclapping_d4,person17_handclapping_d4_uncomp.avi,person17_handclapping_d4_s2_handclapping_flip.avi,2,169,264,handclapping,T
person17_handclapping_d4,person17_handclapping_d4_uncomp.avi,person17_handclapping_d4_s3_handclapping_original.avi,3,265,385,handclapping,F
person17_handclapping_d4,person17_handclapping_d4_uncomp.avi,person17_handclapping_d4_s3_handclapping_flip.avi,3,265,385,handclapping,T
person17_handwaving_d1,person17_handwaving_d1_uncomp.avi,person17_handwaving_d1_s0_handwaving_original.avi,0,1,86,handwaving,F
person17_handwaving_d1,person17_handwaving_d1_uncomp.avi,person17_handwaving_d1_s0_handwaving_flip.avi,0,1,86,handwaving,T
person17_handwaving_d1,person17_handwaving_d1_uncomp.avi,person17_handwaving_d1_s1_handwaving_original.avi,1,87,198,handwaving,F
person17_handwaving_d1,person17_handwaving_d1_uncomp.avi,person17_handwaving_d1_s1_handwaving_flip.avi,1,87,198,handwaving,T
person17_handwaving_d1,person17_handwaving_d1_uncomp.avi,person17_handwaving_d1_s2_handwaving_original.avi,2,199,286,handwaving,F
person17_handwaving_d1,person17_handwaving_d1_uncomp.avi,person17_handwaving_d1_s2_handwaving_flip.avi,2,199,286,handwaving,T
person17_handwaving_d1,person17_handwaving_d1_uncomp.avi,person17_handwaving_d1_s3_handwaving_original.avi,3,287,430,handwaving,F
person17_handwaving_d1,person17_handwaving_d1_uncomp.avi,person17_handwaving_d1_s3_handwaving_flip.avi,3,287,430,handwaving,T
person17_handwaving_d2,person17_handwaving_d2_uncomp.avi,person17_handwaving_d2_s0_handwaving_original.avi,0,1,102,handwaving,F
person17_handwaving_d2,person17_handwaving_d2_uncomp.avi,person17_handwaving_d2_s0_handwaving_flip.avi,0,1,102,handwaving,T
person17_handwaving_d2,person17_handwaving_d2_uncomp.avi,person17_empty_d2_s0_handwaving_original.avi,1,103,311,empty,F
person17_handwaving_d2,person17_handwaving_d2_uncomp.avi,person17_empty_d2_s0_handwaving_flip.avi,1,103,311,empty,T
person17_handwaving_d2,person17_handwaving_d2_uncomp.avi,person17_handwaving_d2_s1_handwaving_original.avi,2,312,414,handwaving,F
person17_handwaving_d2,person17_handwaving_d2_uncomp.avi,person17_handwaving_d2_s1_handwaving_flip.avi,2,312,414,handwaving,T
person17_handwaving_d2,person17_handwaving_d2_uncomp.avi,person17_handwaving_d2_s2_handwaving_original.avi,3,415,512,handwaving,F
person17_handwaving_d2,person17_handwaving_d2_uncomp.avi,person17_handwaving_d2_s2_handwaving_flip.avi,3,415,512,handwaving,T
person17_handwaving_d2,person17_handwaving_d2_uncomp.avi,person17_empty_d2_s1_handwaving_original.avi,4,513,754,empty,F
person17_handwaving_d2,person17_handwaving_d2_uncomp.avi,person17_empty_d2_s1_handwaving_flip.avi,4,513,754,empty,T
person17_handwaving_d2,person17_handwaving_d2_uncomp.avi,person17_handwaving_d2_s3_handwaving_original.avi,5,755,824,handwaving,F
person17_handwaving_d2,person17_handwaving_d2_uncomp.avi,person17_handwaving_d2_s3_handwaving_flip.avi,5,755,824,handwaving,T
person17_handwaving_d3,person17_handwaving_d3_uncomp.avi,person17_handwaving_d3_s0_handwaving_original.avi,0,1,102,handwaving,F
person17_handwaving_d3,person17_handwaving_d3_uncomp.avi,person17_handwaving_d3_s0_handwaving_flip.avi,0,1,102,handwaving,T
person17_handwaving_d3,person17_handwaving_d3_uncomp.avi,person17_handwaving_d3_s1_handwaving_original.avi,1,103,235,handwaving,F
person17_handwaving_d3,person17_handwaving_d3_uncomp.avi,person17_handwaving_d3_s1_handwaving_flip.avi,1,103,235,handwaving,T
person17_handwaving_d3,person17_handwaving_d3_uncomp.avi,person17_empty_d3_s0_handwaving_original.avi,2,236,303,empty,F
person17_handwaving_d3,person17_handwaving_d3_uncomp.avi,person17_empty_d3_s0_handwaving_flip.avi,2,236,303,empty,T
person17_handwaving_d3,person17_handwaving_d3_uncomp.avi,person17_handwaving_d3_s2_handwaving_original.avi,3,304,410,handwaving,F
person17_handwaving_d3,person17_handwaving_d3_uncomp.avi,person17_handwaving_d3_s2_handwaving_flip.avi,3,304,410,handwaving,T
person17_handwaving_d3,person17_handwaving_d3_uncomp.avi,person17_handwaving_d3_s3_handwaving_original.avi,4,411,582,handwaving,F
person17_handwaving_d3,person17_handwaving_d3_uncomp.avi,person17_handwaving_d3_s3_handwaving_flip.avi,4,411,582,handwaving,T
person17_handwaving_d4,person17_handwaving_d4_uncomp.avi,person17_handwaving_d4_s0_handwaving_original.avi,0,1,108,handwaving,F
person17_handwaving_d4,person17_handwaving_d4_uncomp.avi,person17_handwaving_d4_s0_handwaving_flip.avi,0,1,108,handwaving,T
person17_handwaving_d4,person17_handwaving_d4_uncomp.avi,person17_handwaving_d4_s1_handwaving_original.avi,1,109,190,handwaving,F
person17_handwaving_d4,person17_handwaving_d4_uncomp.avi,person17_handwaving_d4_s1_handwaving_flip.avi,1,109,190,handwaving,T
person17_handwaving_d4,person17_handwaving_d4_uncomp.avi,person17_handwaving_d4_s2_handwaving_original.avi,2,191,292,handwaving,F
person17_handwaving_d4,person17_handwaving_d4_uncomp.avi,person17_handwaving_d4_s2_handwaving_flip.avi,2,191,292,handwaving,T
person17_handwaving_d4,person17_handwaving_d4_uncomp.avi,person17_handwaving_d4_s3_handwaving_original.avi,3,293,394,handwaving,F
person17_handwaving_d4,person17_handwaving_d4_uncomp.avi,person17_handwaving_d4_s3_handwaving_flip.avi,3,293,394,handwaving,T
person17_jogging_d1,person17_jogging_d1_uncomp.avi,person17_jogging_d1_s0_jogging_original.avi,0,1,60,jogging,F
person17_jogging_d1,person17_jogging_d1_uncomp.avi,person17_jogging_d1_s0_jogging_flip.avi,0,1,60,jogging,T
person17_jogging_d1,person17_jogging_d1_uncomp.avi,person17_empty_d1_s0_jogging_original.avi,1,61,159,empty,F
person17_jogging_d1,person17_jogging_d1_uncomp.avi,person17_empty_d1_s0_jogging_flip.avi,1,61,159,empty,T
person17_jogging_d1,person17_jogging_d1_uncomp.avi,person17_jogging_d1_s1_jogging_original.avi,2,160,220,jogging,F
person17_jogging_d1,person17_jogging_d1_uncomp.avi,person17_jogging_d1_s1_jogging_flip.avi,2,160,220,jogging,T
person17_jogging_d1,person17_jogging_d1_uncomp.avi,person17_empty_d1_s1_jogging_original.avi,3,221,284,empty,F
person17_jogging_d1,person17_jogging_d1_uncomp.avi,person17_empty_d1_s1_jogging_flip.avi,3,221,284,empty,T
person17_jogging_d1,person17_jogging_d1_uncomp.avi,person17_jogging_d1_s2_jogging_original.avi,4,285,345,jogging,F
person17_jogging_d1,person17_jogging_d1_uncomp.avi,person17_jogging_d1_s2_jogging_flip.avi,4,285,345,jogging,T
person17_jogging_d1,person17_jogging_d1_uncomp.avi,person17_empty_d1_s2_jogging_original.avi,5,346,439,empty,F
person17_jogging_d1,person17_jogging_d1_uncomp.avi,person17_empty_d1_s2_jogging_flip.avi,5,346,439,empty,T
person17_jogging_d1,person17_jogging_d1_uncomp.avi,person17_jogging_d1_s3_jogging_original.avi,6,440,500,jogging,F
person17_jogging_d1,person17_jogging_d1_uncomp.avi,person17_jogging_d1_s3_jogging_flip.avi,6,440,500,jogging,T
person17_jogging_d2,person17_jogging_d2_uncomp.avi,person17_jogging_d2_s0_jogging_original.avi,0,1,105,jogging,F
person17_jogging_d2,person17_jogging_d2_uncomp.avi,person17_jogging_d2_s0_jogging_flip.avi,0,1,105,jogging,T
person17_jogging_d2,person17_jogging_d2_uncomp.avi,person17_empty_d2_s0_jogging_original.avi,1,106,114,empty,F
person17_jogging_d2,person17_jogging_d2_uncomp.avi,person17_empty_d2_s0_jogging_flip.avi,1,106,114,empty,T
person17_jogging_d2,person17_jogging_d2_uncomp.avi,person17_jogging_d2_s1_jogging_original.avi,2,115,220,jogging,F
person17_jogging_d2,person17_jogging_d2_uncomp.avi,person17_jogging_d2_s1_jogging_flip.avi,2,115,220,jogging,T
person17_jogging_d2,person17_jogging_d2_uncomp.avi,person17_empty_d2_s1_jogging_original.avi,3,221,314,empty,F
person17_jogging_d2,person17_jogging_d2_uncomp.avi,person17_empty_d2_s1_jogging_flip.avi,3,221,314,empty,T
person17_jogging_d2,person17_jogging_d2_uncomp.avi,person17_jogging_d2_s2_jogging_original.avi,4,315,410,jogging,F
person17_jogging_d2,person17_jogging_d2_uncomp.avi,person17_jogging_d2_s2_jogging_flip.avi,4,315,410,jogging,T
person17_jogging_d2,person17_jogging_d2_uncomp.avi,person17_empty_d2_s2_jogging_original.avi,5,411,459,empty,F
person17_jogging_d2,person17_jogging_d2_uncomp.avi,person17_empty_d2_s2_jogging_flip.avi,5,411,459,empty,T
person17_jogging_d2,person17_jogging_d2_uncomp.avi,person17_jogging_d2_s3_jogging_original.avi,6,460,560,jogging,F
person17_jogging_d2,person17_jogging_d2_uncomp.avi,person17_jogging_d2_s3_jogging_flip.avi,6,460,560,jogging,T
person17_jogging_d3,person17_jogging_d3_uncomp.avi,person17_jogging_d3_s0_jogging_original.avi,0,1,50,jogging,F
person17_jogging_d3,person17_jogging_d3_uncomp.avi,person17_jogging_d3_s0_jogging_flip.avi,0,1,50,jogging,T
person17_jogging_d3,person17_jogging_d3_uncomp.avi,person17_empty_d3_s0_jogging_original.avi,1,51,129,empty,F
person17_jogging_d3,person17_jogging_d3_uncomp.avi,person17_empty_d3_s0_jogging_flip.avi,1,51,129,empty,T
person17_jogging_d3,person17_jogging_d3_uncomp.avi,person17_jogging_d3_s1_jogging_original.avi,2,130,185,jogging,F
person17_jogging_d3,person17_jogging_d3_uncomp.avi,person17_jogging_d3_s1_jogging_flip.avi,2,130,185,jogging,T
person17_jogging_d3,person17_jogging_d3_uncomp.avi,person17_empty_d3_s1_jogging_original.avi,3,186,284,empty,F
person17_jogging_d3,person17_jogging_d3_uncomp.avi,person17_empty_d3_s1_jogging_flip.avi,3,186,284,empty,T
person17_jogging_d3,person17_jogging_d3_uncomp.avi,person17_jogging_d3_s2_jogging_original.avi,4,285,350,jogging,F
person17_jogging_d3,person17_jogging_d3_uncomp.avi,person17_jogging_d3_s2_jogging_flip.avi,4,285,350,jogging,T
person17_jogging_d3,person17_jogging_d3_uncomp.avi,person17_empty_d3_s2_jogging_original.avi,5,351,429,empty,F
person17_jogging_d3,person17_jogging_d3_uncomp.avi,person17_empty_d3_s2_jogging_flip.avi,5,351,429,empty,T
person17_jogging_d3,person17_jogging_d3_uncomp.avi,person17_jogging_d3_s3_jogging_original.avi,6,430,485,jogging,F
person17_jogging_d3,person17_jogging_d3_uncomp.avi,person17_jogging_d3_s3_jogging_flip.avi,6,430,485,jogging,T
person17_jogging_d4,person17_jogging_d4_uncomp.avi,person17_jogging_d4_s0_jogging_original.avi,0,1,70,jogging,F
person17_jogging_d4,person17_jogging_d4_uncomp.avi,person17_jogging_d4_s0_jogging_flip.avi,0,1,70,jogging,T
person17_jogging_d4,person17_jogging_d4_uncomp.avi,person17_empty_d4_s0_jogging_original.avi,1,71,89,empty,F
person17_jogging_d4,person17_jogging_d4_uncomp.avi,person17_empty_d4_s0_jogging_flip.avi,1,71,89,empty,T
person17_jogging_d4,person17_jogging_d4_uncomp.avi,person17_jogging_d4_s1_jogging_original.avi,2,90,160,jogging,F
person17_jogging_d4,person17_jogging_d4_uncomp.avi,person17_jogging_d4_s1_jogging_flip.avi,2,90,160,jogging,T
person17_jogging_d4,person17_jogging_d4_uncomp.avi,person17_empty_d4_s1_jogging_original.avi,3,161,174,empty,F
person17_jogging_d4,person17_jogging_d4_uncomp.avi,person17_empty_d4_s1_jogging_flip.avi,3,161,174,empty,T
person17_jogging_d4,person17_jogging_d4_uncomp.avi,person17_jogging_d4_s2_jogging_original.avi,4,175,240,jogging,F
person17_jogging_d4,person17_jogging_d4_uncomp.avi,person17_jogging_d4_s2_jogging_flip.avi,4,175,240,jogging,T
person17_jogging_d4,person17_jogging_d4_uncomp.avi,person17_empty_d4_s2_jogging_original.avi,5,241,254,empty,F
person17_jogging_d4,person17_jogging_d4_uncomp.avi,person17_empty_d4_s2_jogging_flip.avi,5,241,254,empty,T
person17_jogging_d4,person17_jogging_d4_uncomp.avi,person17_jogging_d4_s3_jogging_original.avi,6,255,320,jogging,F
person17_jogging_d4,person17_jogging_d4_uncomp.avi,person17_jogging_d4_s3_jogging_flip.avi,6,255,320,jogging,T
person17_running_d1,person17_running_d1_uncomp.avi,person17_running_d1_s0_running_original.avi,0,1,30,running,F
person17_running_d1,person17_running_d1_uncomp.avi,person17_running_d1_s0_running_flip.avi,0,1,30,running,T
person17_running_d1,person17_running_d1_uncomp.avi,person17_empty_d1_s0_running_original.avi,1,31,94,empty,F
person17_running_d1,person17_running_d1_uncomp.avi,person17_empty_d1_s0_running_flip.avi,1,31,94,empty,T
person17_running_d1,person17_running_d1_uncomp.avi,person17_running_d1_s1_running_original.avi,2,95,130,running,F
person17_running_d1,person17_running_d1_uncomp.avi,person17_running_d1_s1_running_flip.avi,2,95,130,running,T
person17_running_d1,person17_running_d1_uncomp.avi,person17_empty_d1_s1_running_original.avi,3,131,199,empty,F
person17_running_d1,person17_running_d1_uncomp.avi,person17_empty_d1_s1_running_flip.avi,3,131,199,empty,T
person17_running_d1,person17_running_d1_uncomp.avi,person17_running_d1_s2_running_original.avi,4,200,240,running,F
person17_running_d1,person17_running_d1_uncomp.avi,person17_running_d1_s2_running_flip.avi,4,200,240,running,T
person17_running_d1,person17_running_d1_uncomp.avi,person17_empty_d1_s2_running_original.avi,5,241,309,empty,F
person17_running_d1,person17_running_d1_uncomp.avi,person17_empty_d1_s2_running_flip.avi,5,241,309,empty,T
person17_running_d1,person17_running_d1_uncomp.avi,person17_running_d1_s3_running_original.avi,6,310,345,running,F
person17_running_d1,person17_running_d1_uncomp.avi,person17_running_d1_s3_running_flip.avi,6,310,345,running,T
person17_running_d2,person17_running_d2_uncomp.avi,person17_running_d2_s0_running_original.avi,0,1,60,running,F
person17_running_d2,person17_running_d2_uncomp.avi,person17_running_d2_s0_running_flip.avi,0,1,60,running,T
person17_running_d2,person17_running_d2_uncomp.avi,person17_empty_d2_s0_running_original.avi,1,61,114,empty,F
person17_running_d2,person17_running_d2_uncomp.avi,person17_empty_d2_s0_running_flip.avi,1,61,114,empty,T
person17_running_d2,person17_running_d2_uncomp.avi,person17_running_d2_s1_running_original.avi,2,115,165,running,F
person17_running_d2,person17_running_d2_uncomp.avi,person17_running_d2_s1_running_flip.avi,2,115,165,running,T
person17_running_d2,person17_running_d2_uncomp.avi,person17_empty_d2_s1_running_original.avi,3,166,259,empty,F
person17_running_d2,person17_running_d2_uncomp.avi,person17_empty_d2_s1_running_flip.avi,3,166,259,empty,T
person17_running_d2,person17_running_d2_uncomp.avi,person17_running_d2_s2_running_original.avi,4,260,312,running,F
person17_running_d2,person17_running_d2_uncomp.avi,person17_running_d2_s2_running_flip.avi,4,260,312,running,T
person17_running_d2,person17_running_d2_uncomp.avi,person17_empty_d2_s2_running_original.avi,5,313,369,empty,F
person17_running_d2,person17_running_d2_uncomp.avi,person17_empty_d2_s2_running_flip.avi,5,313,369,empty,T
person17_running_d2,person17_running_d2_uncomp.avi,person17_running_d2_s3_running_original.avi,6,370,430,running,F
person17_running_d2,person17_running_d2_uncomp.avi,person17_running_d2_s3_running_flip.avi,6,370,430,running,T
person17_running_d3,person17_running_d3_uncomp.avi,person17_running_d3_s0_running_original.avi,0,1,35,running,F
person17_running_d3,person17_running_d3_uncomp.avi,person17_running_d3_s0_running_flip.avi,0,1,35,running,T
person17_running_d3,person17_running_d3_uncomp.avi,person17_empty_d3_s0_running_original.avi,1,36,114,empty,F
person17_running_d3,person17_running_d3_uncomp.avi,person17_empty_d3_s0_running_flip.avi,1,36,114,empty,T
person17_running_d3,person17_running_d3_uncomp.avi,person17_running_d3_s1_running_original.avi,2,115,150,running,F
person17_running_d3,person17_running_d3_uncomp.avi,person17_running_d3_s1_running_flip.avi,2,115,150,running,T
person17_running_d3,person17_running_d3_uncomp.avi,person17_empty_d3_s1_running_original.avi,3,151,234,empty,F
person17_running_d3,person17_running_d3_uncomp.avi,person17_empty_d3_s1_running_flip.avi,3,151,234,empty,T
person17_running_d3,person17_running_d3_uncomp.avi,person17_running_d3_s2_running_original.avi,4,235,270,running,F
person17_running_d3,person17_running_d3_uncomp.avi,person17_running_d3_s2_running_flip.avi,4,235,270,running,T
person17_running_d3,person17_running_d3_uncomp.avi,person17_empty_d3_s2_running_original.avi,5,271,359,empty,F
person17_running_d3,person17_running_d3_uncomp.avi,person17_empty_d3_s2_running_flip.avi,5,271,359,empty,T
person17_running_d3,person17_running_d3_uncomp.avi,person17_running_d3_s3_running_original.avi,6,360,400,running,F
person17_running_d3,person17_running_d3_uncomp.avi,person17_running_d3_s3_running_flip.avi,6,360,400,running,T
person17_running_d4,person17_running_d4_uncomp.avi,person17_running_d4_s0_running_original.avi,0,1,55,running,F
person17_running_d4,person17_running_d4_uncomp.avi,person17_running_d4_s0_running_flip.avi,0,1,55,running,T
person17_running_d4,person17_running_d4_uncomp.avi,person17_empty_d4_s0_running_original.avi,1,56,69,empty,F
person17_running_d4,person17_running_d4_uncomp.avi,person17_empty_d4_s0_running_flip.avi,1,56,69,empty,T
person17_running_d4,person17_running_d4_uncomp.avi,person17_running_d4_s1_running_original.avi,2,70,130,running,F
person17_running_d4,person17_running_d4_uncomp.avi,person17_running_d4_s1_running_flip.avi,2,70,130,running,T
person17_running_d4,person17_running_d4_uncomp.avi,person17_empty_d4_s1_running_original.avi,3,131,139,empty,F
person17_running_d4,person17_running_d4_uncomp.avi,person17_empty_d4_s1_running_flip.avi,3,131,139,empty,T
person17_running_d4,person17_running_d4_uncomp.avi,person17_running_d4_s2_running_original.avi,4,140,195,running,F
person17_running_d4,person17_running_d4_uncomp.avi,person17_running_d4_s2_running_flip.avi,4,140,195,running,T
person17_running_d4,person17_running_d4_uncomp.avi,person17_empty_d4_s2_running_original.avi,5,196,214,empty,F
person17_running_d4,person17_running_d4_uncomp.avi,person17_empty_d4_s2_running_flip.avi,5,196,214,empty,T
person17_running_d4,person17_running_d4_uncomp.avi,person17_running_d4_s3_running_original.avi,6,215,270,running,F
person17_running_d4,person17_running_d4_uncomp.avi,person17_running_d4_s3_running_flip.avi,6,215,270,running,T
person17_walking_d1,person17_walking_d1_uncomp.avi,person17_walking_d1_s0_walking_original.avi,0,1,115,walking,F
person17_walking_d1,person17_walking_d1_uncomp.avi,person17_walking_d1_s0_walking_flip.avi,0,1,115,walking,T
person17_walking_d1,person17_walking_d1_uncomp.avi,person17_empty_d1_s0_walking_original.avi,1,116,159,empty,F
person17_walking_d1,person17_walking_d1_uncomp.avi,person17_empty_d1_s0_walking_flip.avi,1,116,159,empty,T
person17_walking_d1,person17_walking_d1_uncomp.avi,person17_walking_d1_s1_walking_original.avi,2,160,270,walking,F
person17_walking_d1,person17_walking_d1_uncomp.avi,person17_walking_d1_s1_walking_flip.avi,2,160,270,walking,T
person17_walking_d1,person17_walking_d1_uncomp.avi,person17_empty_d1_s1_walking_original.avi,3,271,349,empty,F
person17_walking_d1,person17_walking_d1_uncomp.avi,person17_empty_d1_s1_walking_flip.avi,3,271,349,empty,T
person17_walking_d1,person17_walking_d1_uncomp.avi,person17_walking_d1_s2_walking_original.avi,4,350,460,walking,F
person17_walking_d1,person17_walking_d1_uncomp.avi,person17_walking_d1_s2_walking_flip.avi,4,350,460,walking,T
person17_walking_d1,person17_walking_d1_uncomp.avi,person17_empty_d1_s2_walking_original.avi,5,461,569,empty,F
person17_walking_d1,person17_walking_d1_uncomp.avi,person17_empty_d1_s2_walking_flip.avi,5,461,569,empty,T
person17_walking_d1,person17_walking_d1_uncomp.avi,person17_walking_d1_s3_walking_original.avi,6,570,666,walking,F
person17_walking_d1,person17_walking_d1_uncomp.avi,person17_walking_d1_s3_walking_flip.avi,6,570,666,walking,T
person17_walking_d2,person17_walking_d2_uncomp.avi,person17_walking_d2_s0_walking_original.avi,0,1,160,walking,F
person17_walking_d2,person17_walking_d2_uncomp.avi,person17_walking_d2_s0_walking_flip.avi,0,1,160,walking,T
person17_walking_d2,person17_walking_d2_uncomp.avi,person17_empty_d2_s0_walking_original.avi,1,161,339,empty,F
person17_walking_d2,person17_walking_d2_uncomp.avi,person17_empty_d2_s0_walking_flip.avi,1,161,339,empty,T
person17_walking_d2,person17_walking_d2_uncomp.avi,person17_walking_d2_s1_walking_original.avi,2,340,496,walking,F
person17_walking_d2,person17_walking_d2_uncomp.avi,person17_walking_d2_s1_walking_flip.avi,2,340,496,walking,T
person17_walking_d2,person17_walking_d2_uncomp.avi,person17_empty_d2_s1_walking_original.avi,3,497,587,empty,F
person17_walking_d2,person17_walking_d2_uncomp.avi,person17_empty_d2_s1_walking_flip.avi,3,497,587,empty,T
person17_walking_d2,person17_walking_d2_uncomp.avi,person17_walking_d2_s2_walking_original.avi,4,588,750,walking,F
person17_walking_d2,person17_walking_d2_uncomp.avi,person17_walking_d2_s2_walking_flip.avi,4,588,750,walking,T
person17_walking_d2,person17_walking_d2_uncomp.avi,person17_empty_d2_s2_walking_original.avi,5,751,897,empty,F
person17_walking_d2,person17_walking_d2_uncomp.avi,person17_empty_d2_s2_walking_flip.avi,5,751,897,empty,T
person17_walking_d2,person17_walking_d2_uncomp.avi,person17_walking_d2_s3_walking_original.avi,6,898,1065,walking,F
person17_walking_d2,person17_walking_d2_uncomp.avi,person17_walking_d2_s3_walking_flip.avi,6,898,1065,walking,T
person17_walking_d3,person17_walking_d3_uncomp.avi,person17_walking_d3_s0_walking_original.avi,0,1,105,walking,F
person17_walking_d3,person17_walking_d3_uncomp.avi,person17_walking_d3_s0_walking_flip.avi,0,1,105,walking,T
person17_walking_d3,person17_walking_d3_uncomp.avi,person17_empty_d3_s0_walking_original.avi,1,106,201,empty,F
person17_walking_d3,person17_walking_d3_uncomp.avi,person17_empty_d3_s0_walking_flip.avi,1,106,201,empty,T
person17_walking_d3,person17_walking_d3_uncomp.avi,person17_walking_d3_s1_walking_original.avi,2,202,305,walking,F
person17_walking_d3,person17_walking_d3_uncomp.avi,person17_walking_d3_s1_walking_flip.avi,2,202,305,walking,T
person17_walking_d3,person17_walking_d3_uncomp.avi,person17_empty_d3_s1_walking_original.avi,3,306,454,empty,F
person17_walking_d3,person17_walking_d3_uncomp.avi,person17_empty_d3_s1_walking_flip.avi,3,306,454,empty,T
person17_walking_d3,person17_walking_d3_uncomp.avi,person17_walking_d3_s2_walking_original.avi,4,455,545,walking,F
person17_walking_d3,person17_walking_d3_uncomp.avi,person17_walking_d3_s2_walking_flip.avi,4,455,545,walking,T
person17_walking_d3,person17_walking_d3_uncomp.avi,person17_empty_d3_s2_walking_original.avi,5,546,639,empty,F
person17_walking_d3,person17_walking_d3_uncomp.avi,person17_empty_d3_s2_walking_flip.avi,5,546,639,empty,T
person17_walking_d3,person17_walking_d3_uncomp.avi,person17_walking_d3_s3_walking_original.avi,6,640,725,walking,F
person17_walking_d3,person17_walking_d3_uncomp.avi,person17_walking_d3_s3_walking_flip.avi,6,640,725,walking,T
person17_walking_d4,person17_walking_d4_uncomp.avi,person17_walking_d4_s0_walking_original.avi,0,1,112,walking,F
person17_walking_d4,person17_walking_d4_uncomp.avi,person17_walking_d4_s0_walking_flip.avi,0,1,112,walking,T
person17_walking_d4,person17_walking_d4_uncomp.avi,person17_empty_d4_s0_walking_original.avi,1,113,139,empty,F
person17_walking_d4,person17_walking_d4_uncomp.avi,person17_empty_d4_s0_walking_flip.avi,1,113,139,empty,T
person17_walking_d4,person17_walking_d4_uncomp.avi,person17_walking_d4_s1_walking_original.avi,2,140,255,walking,F
person17_walking_d4,person17_walking_d4_uncomp.avi,person17_walking_d4_s1_walking_flip.avi,2,140,255,walking,T
person17_walking_d4,person17_walking_d4_uncomp.avi,person17_empty_d4_s1_walking_original.avi,3,256,299,empty,F
person17_walking_d4,person17_walking_d4_uncomp.avi,person17_empty_d4_s1_walking_flip.avi,3,256,299,empty,T
person17_walking_d4,person17_walking_d4_uncomp.avi,person17_walking_d4_s2_walking_original.avi,4,300,420,walking,F
person17_walking_d4,person17_walking_d4_uncomp.avi,person17_walking_d4_s2_walking_flip.avi,4,300,420,walking,T
person17_walking_d4,person17_walking_d4_uncomp.avi,person17_empty_d4_s2_walking_original.avi,5,421,444,empty,F
person17_walking_d4,person17_walking_d4_uncomp.avi,person17_empty_d4_s2_walking_flip.avi,5,421,444,empty,T
person17_walking_d4,person17_walking_d4_uncomp.avi,person17_walking_d4_s3_walking_original.avi,6,445,560,walking,F
person17_walking_d4,person17_walking_d4_uncomp.avi,person17_walking_d4_s3_walking_flip.avi,6,445,560,walking,T
person18_boxing_d1,person18_boxing_d1_uncomp.avi,person18_boxing_d1_s0_boxing_original.avi,0,1,132,boxing,F
person18_boxing_d1,person18_boxing_d1_uncomp.avi,person18_boxing_d1_s0_boxing_flip.avi,0,1,132,boxing,T
person18_boxing_d1,person18_boxing_d1_uncomp.avi,person18_boxing_d1_s1_boxing_original.avi,1,133,262,boxing,F
person18_boxing_d1,person18_boxing_d1_uncomp.avi,person18_boxing_d1_s1_boxing_flip.avi,1,133,262,boxing,T
person18_boxing_d1,person18_boxing_d1_uncomp.avi,person18_boxing_d1_s2_boxing_original.avi,2,263,426,boxing,F
person18_boxing_d1,person18_boxing_d1_uncomp.avi,person18_boxing_d1_s2_boxing_flip.avi,2,263,426,boxing,T
person18_boxing_d1,person18_boxing_d1_uncomp.avi,person18_boxing_d1_s3_boxing_original.avi,3,427,615,boxing,F
person18_boxing_d1,person18_boxing_d1_uncomp.avi,person18_boxing_d1_s3_boxing_flip.avi,3,427,615,boxing,T
person18_boxing_d2,person18_boxing_d2_uncomp.avi,person18_boxing_d2_s0_boxing_original.avi,0,1,85,boxing,F
person18_boxing_d2,person18_boxing_d2_uncomp.avi,person18_boxing_d2_s0_boxing_flip.avi,0,1,85,boxing,T
person18_boxing_d2,person18_boxing_d2_uncomp.avi,person18_empty_d2_s0_boxing_original.avi,1,86,114,empty,F
person18_boxing_d2,person18_boxing_d2_uncomp.avi,person18_empty_d2_s0_boxing_flip.avi,1,86,114,empty,T
person18_boxing_d2,person18_boxing_d2_uncomp.avi,person18_boxing_d2_s1_boxing_original.avi,2,115,211,boxing,F
person18_boxing_d2,person18_boxing_d2_uncomp.avi,person18_boxing_d2_s1_boxing_flip.avi,2,115,211,boxing,T
person18_boxing_d2,person18_boxing_d2_uncomp.avi,person18_empty_d2_s1_boxing_original.avi,3,212,270,empty,F
person18_boxing_d2,person18_boxing_d2_uncomp.avi,person18_empty_d2_s1_boxing_flip.avi,3,212,270,empty,T
person18_boxing_d2,person18_boxing_d2_uncomp.avi,person18_boxing_d2_s2_boxing_original.avi,4,271,376,boxing,F
person18_boxing_d2,person18_boxing_d2_uncomp.avi,person18_boxing_d2_s2_boxing_flip.avi,4,271,376,boxing,T
person18_boxing_d2,person18_boxing_d2_uncomp.avi,person18_empty_d2_s2_boxing_original.avi,5,377,411,empty,F
person18_boxing_d2,person18_boxing_d2_uncomp.avi,person18_empty_d2_s2_boxing_flip.avi,5,377,411,empty,T
person18_boxing_d2,person18_boxing_d2_uncomp.avi,person18_boxing_d2_s3_boxing_original.avi,6,412,540,boxing,F
person18_boxing_d2,person18_boxing_d2_uncomp.avi,person18_boxing_d2_s3_boxing_flip.avi,6,412,540,boxing,T
person18_boxing_d3,person18_boxing_d3_uncomp.avi,person18_boxing_d3_s0_boxing_original.avi,0,1,128,boxing,F
person18_boxing_d3,person18_boxing_d3_uncomp.avi,person18_boxing_d3_s0_boxing_flip.avi,0,1,128,boxing,T
person18_boxing_d3,person18_boxing_d3_uncomp.avi,person18_boxing_d3_s1_boxing_original.avi,1,129,290,boxing,F
person18_boxing_d3,person18_boxing_d3_uncomp.avi,person18_boxing_d3_s1_boxing_flip.avi,1,129,290,boxing,T
person18_boxing_d3,person18_boxing_d3_uncomp.avi,person18_boxing_d3_s2_boxing_original.avi,2,291,398,boxing,F
person18_boxing_d3,person18_boxing_d3_uncomp.avi,person18_boxing_d3_s2_boxing_flip.avi,2,291,398,boxing,T
person18_boxing_d3,person18_boxing_d3_uncomp.avi,person18_boxing_d3_s3_boxing_original.avi,3,399,478,boxing,F
person18_boxing_d3,person18_boxing_d3_uncomp.avi,person18_boxing_d3_s3_boxing_flip.avi,3,399,478,boxing,T
person18_boxing_d4,person18_boxing_d4_uncomp.avi,person18_boxing_d4_s0_boxing_original.avi,0,1,112,boxing,F
person18_boxing_d4,person18_boxing_d4_uncomp.avi,person18_boxing_d4_s0_boxing_flip.avi,0,1,112,boxing,T
person18_boxing_d4,person18_boxing_d4_uncomp.avi,person18_boxing_d4_s1_boxing_original.avi,1,113,256,boxing,F
person18_boxing_d4,person18_boxing_d4_uncomp.avi,person18_boxing_d4_s1_boxing_flip.avi,1,113,256,boxing,T
person18_boxing_d4,person18_boxing_d4_uncomp.avi,person18_boxing_d4_s2_boxing_original.avi,2,257,365,boxing,F
person18_boxing_d4,person18_boxing_d4_uncomp.avi,person18_boxing_d4_s2_boxing_flip.avi,2,257,365,boxing,T
person18_boxing_d4,person18_boxing_d4_uncomp.avi,person18_boxing_d4_s3_boxing_original.avi,3,366,490,boxing,F
person18_boxing_d4,person18_boxing_d4_uncomp.avi,person18_boxing_d4_s3_boxing_flip.avi,3,366,490,boxing,T
person18_handclapping_d1,person18_handclapping_d1_uncomp.avi,person18_handclapping_d1_s0_handclapping_original.avi,0,1,125,handclapping,F
person18_handclapping_d1,person18_handclapping_d1_uncomp.avi,person18_handclapping_d1_s0_handclapping_flip.avi,0,1,125,handclapping,T
person18_handclapping_d1,person18_handclapping_d1_uncomp.avi,person18_handclapping_d1_s1_handclapping_original.avi,1,126,288,handclapping,F
person18_handclapping_d1,person18_handclapping_d1_uncomp.avi,person18_handclapping_d1_s1_handclapping_flip.avi,1,126,288,handclapping,T
person18_handclapping_d1,person18_handclapping_d1_uncomp.avi,person18_handclapping_d1_s2_handclapping_original.avi,2,289,400,handclapping,F
person18_handclapping_d1,person18_handclapping_d1_uncomp.avi,person18_handclapping_d1_s2_handclapping_flip.avi,2,289,400,handclapping,T
person18_handclapping_d1,person18_handclapping_d1_uncomp.avi,person18_handclapping_d1_s3_handclapping_original.avi,3,401,510,handclapping,F
person18_handclapping_d1,person18_handclapping_d1_uncomp.avi,person18_handclapping_d1_s3_handclapping_flip.avi,3,401,510,handclapping,T
person18_handclapping_d2,person18_handclapping_d2_uncomp.avi,person18_handclapping_d2_s0_handclapping_original.avi,0,1,108,handclapping,F
person18_handclapping_d2,person18_handclapping_d2_uncomp.avi,person18_handclapping_d2_s0_handclapping_flip.avi,0,1,108,handclapping,T
person18_handclapping_d2,person18_handclapping_d2_uncomp.avi,person18_handclapping_d2_s1_handclapping_original.avi,1,109,220,handclapping,F
person18_handclapping_d2,person18_handclapping_d2_uncomp.avi,person18_handclapping_d2_s1_handclapping_flip.avi,1,109,220,handclapping,T
person18_handclapping_d2,person18_handclapping_d2_uncomp.avi,person18_handclapping_d2_s2_handclapping_original.avi,2,221,320,handclapping,F
person18_handclapping_d2,person18_handclapping_d2_uncomp.avi,person18_handclapping_d2_s2_handclapping_flip.avi,2,221,320,handclapping,T
person18_handclapping_d2,person18_handclapping_d2_uncomp.avi,person18_empty_d2_s0_handclapping_original.avi,3,321,374,empty,F
person18_handclapping_d2,person18_handclapping_d2_uncomp.avi,person18_empty_d2_s0_handclapping_flip.avi,3,321,374,empty,T
person18_handclapping_d2,person18_handclapping_d2_uncomp.avi,person18_handclapping_d2_s3_handclapping_original.avi,4,375,500,handclapping,F
person18_handclapping_d2,person18_handclapping_d2_uncomp.avi,person18_handclapping_d2_s3_handclapping_flip.avi,4,375,500,handclapping,T
person18_handclapping_d3,person18_handclapping_d3_uncomp.avi,person18_handclapping_d3_s0_handclapping_original.avi,0,1,128,handclapping,F
person18_handclapping_d3,person18_handclapping_d3_uncomp.avi,person18_handclapping_d3_s0_handclapping_flip.avi,0,1,128,handclapping,T
person18_handclapping_d3,person18_handclapping_d3_uncomp.avi,person18_handclapping_d3_s1_handclapping_original.avi,1,129,300,handclapping,F
person18_handclapping_d3,person18_handclapping_d3_uncomp.avi,person18_handclapping_d3_s1_handclapping_flip.avi,1,129,300,handclapping,T
person18_handclapping_d3,person18_handclapping_d3_uncomp.avi,person18_handclapping_d3_s2_handclapping_original.avi,2,301,425,handclapping,F
person18_handclapping_d3,person18_handclapping_d3_uncomp.avi,person18_handclapping_d3_s2_handclapping_flip.avi,2,301,425,handclapping,T
person18_handclapping_d3,person18_handclapping_d3_uncomp.avi,person18_handclapping_d3_s3_handclapping_original.avi,3,426,550,handclapping,F
person18_handclapping_d3,person18_handclapping_d3_uncomp.avi,person18_handclapping_d3_s3_handclapping_flip.avi,3,426,550,handclapping,T
person18_handclapping_d4,person18_handclapping_d4_uncomp.avi,person18_handclapping_d4_s0_handclapping_original.avi,0,1,120,handclapping,F
person18_handclapping_d4,person18_handclapping_d4_uncomp.avi,person18_handclapping_d4_s0_handclapping_flip.avi,0,1,120,handclapping,T
person18_handclapping_d4,person18_handclapping_d4_uncomp.avi,person18_handclapping_d4_s1_handclapping_original.avi,1,121,255,handclapping,F
person18_handclapping_d4,person18_handclapping_d4_uncomp.avi,person18_handclapping_d4_s1_handclapping_flip.avi,1,121,255,handclapping,T
person18_handclapping_d4,person18_handclapping_d4_uncomp.avi,person18_handclapping_d4_s2_handclapping_original.avi,2,256,345,handclapping,F
person18_handclapping_d4,person18_handclapping_d4_uncomp.avi,person18_handclapping_d4_s2_handclapping_flip.avi,2,256,345,handclapping,T
person18_handclapping_d4,person18_handclapping_d4_uncomp.avi,person18_handclapping_d4_s3_handclapping_original.avi,3,346,535,handclapping,F
person18_handclapping_d4,person18_handclapping_d4_uncomp.avi,person18_handclapping_d4_s3_handclapping_flip.avi,3,346,535,handclapping,T
person18_handwaving_d1,person18_handwaving_d1_uncomp.avi,person18_handwaving_d1_s0_handwaving_original.avi,0,1,136,handwaving,F
person18_handwaving_d1,person18_handwaving_d1_uncomp.avi,person18_handwaving_d1_s0_handwaving_flip.avi,0,1,136,handwaving,T
person18_handwaving_d1,person18_handwaving_d1_uncomp.avi,person18_handwaving_d1_s1_handwaving_original.avi,1,137,280,handwaving,F
person18_handwaving_d1,person18_handwaving_d1_uncomp.avi,person18_handwaving_d1_s1_handwaving_flip.avi,1,137,280,handwaving,T
person18_handwaving_d1,person18_handwaving_d1_uncomp.avi,person18_handwaving_d1_s2_handwaving_original.avi,2,281,476,handwaving,F
person18_handwaving_d1,person18_handwaving_d1_uncomp.avi,person18_handwaving_d1_s2_handwaving_flip.avi,2,281,476,handwaving,T
person18_handwaving_d1,person18_handwaving_d1_uncomp.avi,person18_handwaving_d1_s3_handwaving_original.avi,3,477,580,handwaving,F
person18_handwaving_d1,person18_handwaving_d1_uncomp.avi,person18_handwaving_d1_s3_handwaving_flip.avi,3,477,580,handwaving,T
person18_handwaving_d2,person18_handwaving_d2_uncomp.avi,person18_handwaving_d2_s0_handwaving_original.avi,0,1,140,handwaving,F
person18_handwaving_d2,person18_handwaving_d2_uncomp.avi,person18_handwaving_d2_s0_handwaving_flip.avi,0,1,140,handwaving,T
person18_handwaving_d2,person18_handwaving_d2_uncomp.avi,person18_empty_d2_s0_handwaving_original.avi,1,141,258,empty,F
person18_handwaving_d2,person18_handwaving_d2_uncomp.avi,person18_empty_d2_s0_handwaving_flip.avi,1,141,258,empty,T
person18_handwaving_d2,person18_handwaving_d2_uncomp.avi,person18_handwaving_d2_s1_handwaving_original.avi,2,259,409,handwaving,F
person18_handwaving_d2,person18_handwaving_d2_uncomp.avi,person18_handwaving_d2_s1_handwaving_flip.avi,2,259,409,handwaving,T
person18_handwaving_d2,person18_handwaving_d2_uncomp.avi,person18_empty_d2_s1_handwaving_original.avi,3,410,460,empty,F
person18_handwaving_d2,person18_handwaving_d2_uncomp.avi,person18_empty_d2_s1_handwaving_flip.avi,3,410,460,empty,T
person18_handwaving_d2,person18_handwaving_d2_uncomp.avi,person18_handwaving_d2_s2_handwaving_original.avi,4,461,560,handwaving,F
person18_handwaving_d2,person18_handwaving_d2_uncomp.avi,person18_handwaving_d2_s2_handwaving_flip.avi,4,461,560,handwaving,T
person18_handwaving_d2,person18_handwaving_d2_uncomp.avi,person18_empty_d2_s2_handwaving_original.avi,5,561,637,empty,F
person18_handwaving_d2,person18_handwaving_d2_uncomp.avi,person18_empty_d2_s2_handwaving_flip.avi,5,561,637,empty,T
person18_handwaving_d2,person18_handwaving_d2_uncomp.avi,person18_handwaving_d2_s3_handwaving_original.avi,6,638,730,handwaving,F
person18_handwaving_d2,person18_handwaving_d2_uncomp.avi,person18_handwaving_d2_s3_handwaving_flip.avi,6,638,730,handwaving,T
person18_handwaving_d3,person18_handwaving_d3_uncomp.avi,person18_handwaving_d3_s0_handwaving_original.avi,0,1,155,handwaving,F
person18_handwaving_d3,person18_handwaving_d3_uncomp.avi,person18_handwaving_d3_s0_handwaving_flip.avi,0,1,155,handwaving,T
person18_handwaving_d3,person18_handwaving_d3_uncomp.avi,person18_handwaving_d3_s1_handwaving_original.avi,1,156,255,handwaving,F
person18_handwaving_d3,person18_handwaving_d3_uncomp.avi,person18_handwaving_d3_s1_handwaving_flip.avi,1,156,255,handwaving,T
person18_handwaving_d3,person18_handwaving_d3_uncomp.avi,person18_handwaving_d3_s2_handwaving_original.avi,2,256,402,handwaving,F
person18_handwaving_d3,person18_handwaving_d3_uncomp.avi,person18_handwaving_d3_s2_handwaving_flip.avi,2,256,402,handwaving,T
person18_handwaving_d3,person18_handwaving_d3_uncomp.avi,person18_handwaving_d3_s3_handwaving_original.avi,3,403,552,handwaving,F
person18_handwaving_d3,person18_handwaving_d3_uncomp.avi,person18_handwaving_d3_s3_handwaving_flip.avi,3,403,552,handwaving,T
person18_handwaving_d4,person18_handwaving_d4_uncomp.avi,person18_handwaving_d4_s0_handwaving_original.avi,0,1,128,handwaving,F
person18_handwaving_d4,person18_handwaving_d4_uncomp.avi,person18_handwaving_d4_s0_handwaving_flip.avi,0,1,128,handwaving,T
person18_handwaving_d4,person18_handwaving_d4_uncomp.avi,person18_handwaving_d4_s1_handwaving_original.avi,1,129,278,handwaving,F
person18_handwaving_d4,person18_handwaving_d4_uncomp.avi,person18_handwaving_d4_s1_handwaving_flip.avi,1,129,278,handwaving,T
person18_handwaving_d4,person18_handwaving_d4_uncomp.avi,person18_handwaving_d4_s2_handwaving_original.avi,2,279,432,handwaving,F
person18_handwaving_d4,person18_handwaving_d4_uncomp.avi,person18_handwaving_d4_s2_handwaving_flip.avi,2,279,432,handwaving,T
person18_handwaving_d4,person18_handwaving_d4_uncomp.avi,person18_handwaving_d4_s3_handwaving_original.avi,3,433,595,handwaving,F
person18_handwaving_d4,person18_handwaving_d4_uncomp.avi,person18_handwaving_d4_s3_handwaving_flip.avi,3,433,595,handwaving,T
person18_jogging_d1,person18_jogging_d1_uncomp.avi,person18_jogging_d1_s0_jogging_original.avi,0,1,70,jogging,F
person18_jogging_d1,person18_jogging_d1_uncomp.avi,person18_jogging_d1_s0_jogging_flip.avi,0,1,70,jogging,T
person18_jogging_d1,person18_jogging_d1_uncomp.avi,person18_empty_d1_s0_jogging_original.avi,1,71,79,empty,F
person18_jogging_d1,person18_jogging_d1_uncomp.avi,person18_empty_d1_s0_jogging_flip.avi,1,71,79,empty,T
person18_jogging_d1,person18_jogging_d1_uncomp.avi,person18_jogging_d1_s1_jogging_original.avi,2,80,145,jogging,F
person18_jogging_d1,person18_jogging_d1_uncomp.avi,person18_jogging_d1_s1_jogging_flip.avi,2,80,145,jogging,T
person18_jogging_d1,person18_jogging_d1_uncomp.avi,person18_empty_d1_s1_jogging_original.avi,3,146,219,empty,F
person18_jogging_d1,person18_jogging_d1_uncomp.avi,person18_empty_d1_s1_jogging_flip.avi,3,146,219,empty,T
person18_jogging_d1,person18_jogging_d1_uncomp.avi,person18_jogging_d1_s2_jogging_original.avi,4,220,290,jogging,F
person18_jogging_d1,person18_jogging_d1_uncomp.avi,person18_jogging_d1_s2_jogging_flip.avi,4,220,290,jogging,T
person18_jogging_d1,person18_jogging_d1_uncomp.avi,person18_empty_d1_s2_jogging_original.avi,5,291,314,empty,F
person18_jogging_d1,person18_jogging_d1_uncomp.avi,person18_empty_d1_s2_jogging_flip.avi,5,291,314,empty,T
person18_jogging_d1,person18_jogging_d1_uncomp.avi,person18_jogging_d1_s3_jogging_original.avi,6,315,390,jogging,F
person18_jogging_d1,person18_jogging_d1_uncomp.avi,person18_jogging_d1_s3_jogging_flip.avi,6,315,390,jogging,T
person18_jogging_d2,person18_jogging_d2_uncomp.avi,person18_jogging_d2_s0_jogging_original.avi,0,1,65,jogging,F
person18_jogging_d2,person18_jogging_d2_uncomp.avi,person18_jogging_d2_s0_jogging_flip.avi,0,1,65,jogging,T
person18_jogging_d2,person18_jogging_d2_uncomp.avi,person18_empty_d2_s0_jogging_original.avi,1,66,111,empty,F
person18_jogging_d2,person18_jogging_d2_uncomp.avi,person18_empty_d2_s0_jogging_flip.avi,1,66,111,empty,T
person18_jogging_d2,person18_jogging_d2_uncomp.avi,person18_jogging_d2_s1_jogging_original.avi,2,112,200,jogging,F
person18_jogging_d2,person18_jogging_d2_uncomp.avi,person18_jogging_d2_s1_jogging_flip.avi,2,112,200,jogging,T
person18_jogging_d2,person18_jogging_d2_uncomp.avi,person18_empty_d2_s1_jogging_original.avi,3,201,269,empty,F
person18_jogging_d2,person18_jogging_d2_uncomp.avi,person18_empty_d2_s1_jogging_flip.avi,3,201,269,empty,T
person18_jogging_d2,person18_jogging_d2_uncomp.avi,person18_jogging_d2_s2_jogging_original.avi,4,270,365,jogging,F
person18_jogging_d2,person18_jogging_d2_uncomp.avi,person18_jogging_d2_s2_jogging_flip.avi,4,270,365,jogging,T
person18_jogging_d2,person18_jogging_d2_uncomp.avi,person18_empty_d2_s2_jogging_original.avi,5,366,429,empty,F
person18_jogging_d2,person18_jogging_d2_uncomp.avi,person18_empty_d2_s2_jogging_flip.avi,5,366,429,empty,T
person18_jogging_d2,person18_jogging_d2_uncomp.avi,person18_jogging_d2_s3_jogging_original.avi,6,430,520,jogging,F
person18_jogging_d2,person18_jogging_d2_uncomp.avi,person18_jogging_d2_s3_jogging_flip.avi,6,430,520,jogging,T
person18_jogging_d3,person18_jogging_d3_uncomp.avi,person18_jogging_d3_s0_jogging_original.avi,0,1,60,jogging,F
person18_jogging_d3,person18_jogging_d3_uncomp.avi,person18_jogging_d3_s0_jogging_flip.avi,0,1,60,jogging,T
person18_jogging_d3,person18_jogging_d3_uncomp.avi,person18_empty_d3_s0_jogging_original.avi,1,61,99,empty,F
person18_jogging_d3,person18_jogging_d3_uncomp.avi,person18_empty_d3_s0_jogging_flip.avi,1,61,99,empty,T
person18_jogging_d3,person18_jogging_d3_uncomp.avi,person18_jogging_d3_s1_jogging_original.avi,2,100,160,jogging,F
person18_jogging_d3,person18_jogging_d3_uncomp.avi,person18_jogging_d3_s1_jogging_flip.avi,2,100,160,jogging,T
person18_jogging_d3,person18_jogging_d3_uncomp.avi,person18_empty_d3_s1_jogging_original.avi,3,161,229,empty,F
person18_jogging_d3,person18_jogging_d3_uncomp.avi,person18_empty_d3_s1_jogging_flip.avi,3,161,229,empty,T
person18_jogging_d3,person18_jogging_d3_uncomp.avi,person18_jogging_d3_s2_jogging_original.avi,4,230,290,jogging,F
person18_jogging_d3,person18_jogging_d3_uncomp.avi,person18_jogging_d3_s2_jogging_flip.avi,4,230,290,jogging,T
person18_jogging_d3,person18_jogging_d3_uncomp.avi,person18_empty_d3_s2_jogging_original.avi,5,291,369,empty,F
person18_jogging_d3,person18_jogging_d3_uncomp.avi,person18_empty_d3_s2_jogging_flip.avi,5,291,369,empty,T
person18_jogging_d3,person18_jogging_d3_uncomp.avi,person18_jogging_d3_s3_jogging_original.avi,6,370,425,jogging,F
person18_jogging_d3,person18_jogging_d3_uncomp.avi,person18_jogging_d3_s3_jogging_flip.avi,6,370,425,jogging,T
person18_jogging_d4,person18_jogging_d4_uncomp.avi,person18_jogging_d4_s0_jogging_original.avi,0,1,70,jogging,F
person18_jogging_d4,person18_jogging_d4_uncomp.avi,person18_jogging_d4_s0_jogging_flip.avi,0,1,70,jogging,T
person18_jogging_d4,person18_jogging_d4_uncomp.avi,person18_empty_d4_s0_jogging_original.avi,1,71,107,empty,F
person18_jogging_d4,person18_jogging_d4_uncomp.avi,person18_empty_d4_s0_jogging_flip.avi,1,71,107,empty,T
person18_jogging_d4,person18_jogging_d4_uncomp.avi,person18_jogging_d4_s1_jogging_original.avi,2,108,160,jogging,F
person18_jogging_d4,person18_jogging_d4_uncomp.avi,person18_jogging_d4_s1_jogging_flip.avi,2,108,160,jogging,T
person18_jogging_d4,person18_jogging_d4_uncomp.avi,person18_empty_d4_s1_jogging_original.avi,3,161,379,empty,F
person18_jogging_d4,person18_jogging_d4_uncomp.avi,person18_empty_d4_s1_jogging_flip.avi,3,161,379,empty,T
person18_jogging_d4,person18_jogging_d4_uncomp.avi,person18_jogging_d4_s2_jogging_original.avi,4,380,465,jogging,F
person18_jogging_d4,person18_jogging_d4_uncomp.avi,person18_jogging_d4_s2_jogging_flip.avi,4,380,465,jogging,T
person18_jogging_d4,person18_jogging_d4_uncomp.avi,person18_empty_d4_s2_jogging_original.avi,5,466,499,empty,F
person18_jogging_d4,person18_jogging_d4_uncomp.avi,person18_empty_d4_s2_jogging_flip.avi,5,466,499,empty,T
person18_jogging_d4,person18_jogging_d4_uncomp.avi,person18_jogging_d4_s3_jogging_original.avi,6,500,580,jogging,F
person18_jogging_d4,person18_jogging_d4_uncomp.avi,person18_jogging_d4_s3_jogging_flip.avi,6,500,580,jogging,T
person18_running_d1,person18_running_d1_uncomp.avi,person18_running_d1_s0_running_original.avi,0,1,50,running,F
person18_running_d1,person18_running_d1_uncomp.avi,person18_running_d1_s0_running_flip.avi,0,1,50,running,T
person18_running_d1,person18_running_d1_uncomp.avi,person18_empty_d1_s0_running_original.avi,1,51,104,empty,F
person18_running_d1,person18_running_d1_uncomp.avi,person18_empty_d1_s0_running_flip.avi,1,51,104,empty,T
person18_running_d1,person18_running_d1_uncomp.avi,person18_running_d1_s1_running_original.avi,2,105,155,running,F
person18_running_d1,person18_running_d1_uncomp.avi,person18_running_d1_s1_running_flip.avi,2,105,155,running,T
person18_running_d1,person18_running_d1_uncomp.avi,person18_empty_d1_s1_running_original.avi,3,156,217,empty,F
person18_running_d1,person18_running_d1_uncomp.avi,person18_empty_d1_s1_running_flip.avi,3,156,217,empty,T
person18_running_d1,person18_running_d1_uncomp.avi,person18_running_d1_s2_running_original.avi,4,218,270,running,F
person18_running_d1,person18_running_d1_uncomp.avi,person18_running_d1_s2_running_flip.avi,4,218,270,running,T
person18_running_d1,person18_running_d1_uncomp.avi,person18_empty_d1_s2_running_original.avi,5,271,324,empty,F
person18_running_d1,person18_running_d1_uncomp.avi,person18_empty_d1_s2_running_flip.avi,5,271,324,empty,T
person18_running_d1,person18_running_d1_uncomp.avi,person18_running_d1_s3_running_original.avi,6,325,375,running,F
person18_running_d1,person18_running_d1_uncomp.avi,person18_running_d1_s3_running_flip.avi,6,325,375,running,T
person18_running_d2,person18_running_d2_uncomp.avi,person18_running_d2_s0_running_original.avi,0,1,50,running,F
person18_running_d2,person18_running_d2_uncomp.avi,person18_running_d2_s0_running_flip.avi,0,1,50,running,T
person18_running_d2,person18_running_d2_uncomp.avi,person18_empty_d2_s0_running_original.avi,1,51,81,empty,F
person18_running_d2,person18_running_d2_uncomp.avi,person18_empty_d2_s0_running_flip.avi,1,51,81,empty,T
person18_running_d2,person18_running_d2_uncomp.avi,person18_running_d2_s1_running_original.avi,2,82,130,running,F
person18_running_d2,person18_running_d2_uncomp.avi,person18_running_d2_s1_running_flip.avi,2,82,130,running,T
person18_running_d2,person18_running_d2_uncomp.avi,person18_empty_d2_s1_running_original.avi,3,131,189,empty,F
person18_running_d2,person18_running_d2_uncomp.avi,person18_empty_d2_s1_running_flip.avi,3,131,189,empty,T
person18_running_d2,person18_running_d2_uncomp.avi,person18_running_d2_s2_running_original.avi,4,190,250,running,F
person18_running_d2,person18_running_d2_uncomp.avi,person18_running_d2_s2_running_flip.avi,4,190,250,running,T
person18_running_d2,person18_running_d2_uncomp.avi,person18_empty_d2_s2_running_original.avi,5,251,284,empty,F
person18_running_d2,person18_running_d2_uncomp.avi,person18_empty_d2_s2_running_flip.avi,5,251,284,empty,T
person18_running_d2,person18_running_d2_uncomp.avi,person18_running_d2_s3_running_original.avi,6,285,350,running,F
person18_running_d2,person18_running_d2_uncomp.avi,person18_running_d2_s3_running_flip.avi,6,285,350,running,T
person18_running_d3,person18_running_d3_uncomp.avi,person18_running_d3_s0_running_original.avi,0,1,45,running,F
person18_running_d3,person18_running_d3_uncomp.avi,person18_running_d3_s0_running_flip.avi,0,1,45,running,T
person18_running_d3,person18_running_d3_uncomp.avi,person18_empty_d3_s0_running_original.avi,1,46,99,empty,F
person18_running_d3,person18_running_d3_uncomp.avi,person18_empty_d3_s0_running_flip.avi,1,46,99,empty,T
person18_running_d3,person18_running_d3_uncomp.avi,person18_running_d3_s1_running_original.avi,2,100,140,running,F
person18_running_d3,person18_running_d3_uncomp.avi,person18_running_d3_s1_running_flip.avi,2,100,140,running,T
person18_running_d3,person18_running_d3_uncomp.avi,person18_empty_d3_s1_running_original.avi,3,141,204,empty,F
person18_running_d3,person18_running_d3_uncomp.avi,person18_empty_d3_s1_running_flip.avi,3,141,204,empty,T
person18_running_d3,person18_running_d3_uncomp.avi,person18_running_d3_s2_running_original.avi,4,205,250,running,F
person18_running_d3,person18_running_d3_uncomp.avi,person18_running_d3_s2_running_flip.avi,4,205,250,running,T
person18_running_d3,person18_running_d3_uncomp.avi,person18_empty_d3_s2_running_original.avi,5,251,309,empty,F
person18_running_d3,person18_running_d3_uncomp.avi,person18_empty_d3_s2_running_flip.avi,5,251,309,empty,T
person18_running_d3,person18_running_d3_uncomp.avi,person18_running_d3_s3_running_original.avi,6,310,350,running,F
person18_running_d3,person18_running_d3_uncomp.avi,person18_running_d3_s3_running_flip.avi,6,310,350,running,T
person18_running_d4,person18_running_d4_uncomp.avi,person18_running_d4_s0_running_original.avi,0,1,50,running,F
person18_running_d4,person18_running_d4_uncomp.avi,person18_running_d4_s0_running_flip.avi,0,1,50,running,T
person18_running_d4,person18_running_d4_uncomp.avi,person18_empty_d4_s0_running_original.avi,1,51,404,empty,F
person18_running_d4,person18_running_d4_uncomp.avi,person18_empty_d4_s0_running_flip.avi,1,51,404,empty,T
person18_running_d4,person18_running_d4_uncomp.avi,person18_running_d4_s1_running_original.avi,2,405,465,running,F
person18_running_d4,person18_running_d4_uncomp.avi,person18_running_d4_s1_running_flip.avi,2,405,465,running,T
person18_running_d4,person18_running_d4_uncomp.avi,person18_empty_d4_s1_running_original.avi,3,466,505,empty,F
person18_running_d4,person18_running_d4_uncomp.avi,person18_empty_d4_s1_running_flip.avi,3,466,505,empty,T
person18_running_d4,person18_running_d4_uncomp.avi,person18_running_d4_s2_running_original.avi,4,506,556,running,F
person18_running_d4,person18_running_d4_uncomp.avi,person18_running_d4_s2_running_flip.avi,4,506,556,running,T
person18_running_d4,person18_running_d4_uncomp.avi,person18_empty_d4_s2_running_original.avi,5,557,589,empty,F
person18_running_d4,person18_running_d4_uncomp.avi,person18_empty_d4_s2_running_flip.avi,5,557,589,empty,T
person18_running_d4,person18_running_d4_uncomp.avi,person18_running_d4_s3_running_original.avi,6,590,666,running,F
person18_running_d4,person18_running_d4_uncomp.avi,person18_running_d4_s3_running_flip.avi,6,590,666,running,T
person18_walking_d1,person18_walking_d1_uncomp.avi,person18_walking_d1_s0_walking_original.avi,0,1,95,walking,F
person18_walking_d1,person18_walking_d1_uncomp.avi,person18_walking_d1_s0_walking_flip.avi,0,1,95,walking,T
person18_walking_d1,person18_walking_d1_uncomp.avi,person18_empty_d1_s0_walking_original.avi,1,96,119,empty,F
person18_walking_d1,person18_walking_d1_uncomp.avi,person18_empty_d1_s0_walking_flip.avi,1,96,119,empty,T
person18_walking_d1,person18_walking_d1_uncomp.avi,person18_walking_d1_s1_walking_original.avi,2,120,210,walking,F
person18_walking_d1,person18_walking_d1_uncomp.avi,person18_walking_d1_s1_walking_flip.avi,2,120,210,walking,T
person18_walking_d1,person18_walking_d1_uncomp.avi,person18_empty_d1_s1_walking_original.avi,3,211,494,empty,F
person18_walking_d1,person18_walking_d1_uncomp.avi,person18_empty_d1_s1_walking_flip.avi,3,211,494,empty,T
person18_walking_d1,person18_walking_d1_uncomp.avi,person18_walking_d1_s2_walking_original.avi,4,495,585,walking,F
person18_walking_d1,person18_walking_d1_uncomp.avi,person18_walking_d1_s2_walking_flip.avi,4,495,585,walking,T
person18_walking_d1,person18_walking_d1_uncomp.avi,person18_empty_d1_s2_walking_original.avi,5,586,644,empty,F
person18_walking_d1,person18_walking_d1_uncomp.avi,person18_empty_d1_s2_walking_flip.avi,5,586,644,empty,T
person18_walking_d1,person18_walking_d1_uncomp.avi,person18_walking_d1_s3_walking_original.avi,6,645,745,walking,F
person18_walking_d1,person18_walking_d1_uncomp.avi,person18_walking_d1_s3_walking_flip.avi,6,645,745,walking,T
person18_walking_d2,person18_walking_d2_uncomp.avi,person18_walking_d2_s0_walking_original.avi,0,1,120,walking,F
person18_walking_d2,person18_walking_d2_uncomp.avi,person18_walking_d2_s0_walking_flip.avi,0,1,120,walking,T
person18_walking_d2,person18_walking_d2_uncomp.avi,person18_empty_d2_s0_walking_original.avi,1,121,167,empty,F
person18_walking_d2,person18_walking_d2_uncomp.avi,person18_empty_d2_s0_walking_flip.avi,1,121,167,empty,T
person18_walking_d2,person18_walking_d2_uncomp.avi,person18_walking_d2_s1_walking_original.avi,2,168,275,walking,F
person18_walking_d2,person18_walking_d2_uncomp.avi,person18_walking_d2_s1_walking_flip.avi,2,168,275,walking,T
person18_walking_d2,person18_walking_d2_uncomp.avi,person18_empty_d2_s1_walking_original.avi,3,276,379,empty,F
person18_walking_d2,person18_walking_d2_uncomp.avi,person18_empty_d2_s1_walking_flip.avi,3,276,379,empty,T
person18_walking_d2,person18_walking_d2_uncomp.avi,person18_walking_d2_s2_walking_original.avi,4,380,495,walking,F
person18_walking_d2,person18_walking_d2_uncomp.avi,person18_walking_d2_s2_walking_flip.avi,4,380,495,walking,T
person18_walking_d2,person18_walking_d2_uncomp.avi,person18_empty_d2_s2_walking_original.avi,5,496,534,empty,F
person18_walking_d2,person18_walking_d2_uncomp.avi,person18_empty_d2_s2_walking_flip.avi,5,496,534,empty,T
person18_walking_d2,person18_walking_d2_uncomp.avi,person18_walking_d2_s3_walking_original.avi,6,535,645,walking,F
person18_walking_d2,person18_walking_d2_uncomp.avi,person18_walking_d2_s3_walking_flip.avi,6,535,645,walking,T
person18_walking_d3,person18_walking_d3_uncomp.avi,person18_walking_d3_s0_walking_original.avi,0,1,95,walking,F
person18_walking_d3,person18_walking_d3_uncomp.avi,person18_walking_d3_s0_walking_flip.avi,0,1,95,walking,T
person18_walking_d3,person18_walking_d3_uncomp.avi,person18_empty_d3_s0_walking_original.avi,1,96,167,empty,F
person18_walking_d3,person18_walking_d3_uncomp.avi,person18_empty_d3_s0_walking_flip.avi,1,96,167,empty,T
person18_walking_d3,person18_walking_d3_uncomp.avi,person18_walking_d3_s1_walking_original.avi,2,168,255,walking,F
person18_walking_d3,person18_walking_d3_uncomp.avi,person18_walking_d3_s1_walking_flip.avi,2,168,255,walking,T
person18_walking_d3,person18_walking_d3_uncomp.avi,person18_empty_d3_s1_walking_original.avi,3,256,359,empty,F
person18_walking_d3,person18_walking_d3_uncomp.avi,person18_empty_d3_s1_walking_flip.avi,3,256,359,empty,T
person18_walking_d3,person18_walking_d3_uncomp.avi,person18_walking_d3_s2_walking_original.avi,4,360,450,walking,F
person18_walking_d3,person18_walking_d3_uncomp.avi,person18_walking_d3_s2_walking_flip.avi,4,360,450,walking,T
person18_walking_d3,person18_walking_d3_uncomp.avi,person18_empty_d3_s2_walking_original.avi,5,451,549,empty,F
person18_walking_d3,person18_walking_d3_uncomp.avi,person18_empty_d3_s2_walking_flip.avi,5,451,549,empty,T
person18_walking_d3,person18_walking_d3_uncomp.avi,person18_walking_d3_s3_walking_original.avi,6,550,640,walking,F
person18_walking_d3,person18_walking_d3_uncomp.avi,person18_walking_d3_s3_walking_flip.avi,6,550,640,walking,T
person18_walking_d4,person18_walking_d4_uncomp.avi,person18_walking_d4_s0_walking_original.avi,0,1,80,walking,F
person18_walking_d4,person18_walking_d4_uncomp.avi,person18_walking_d4_s0_walking_flip.avi,0,1,80,walking,T
person18_walking_d4,person18_walking_d4_uncomp.avi,person18_empty_d4_s0_walking_original.avi,1,81,124,empty,F
person18_walking_d4,person18_walking_d4_uncomp.avi,person18_empty_d4_s0_walking_flip.avi,1,81,124,empty,T
person18_walking_d4,person18_walking_d4_uncomp.avi,person18_walking_d4_s1_walking_original.avi,2,125,210,walking,F
person18_walking_d4,person18_walking_d4_uncomp.avi,person18_walking_d4_s1_walking_flip.avi,2,125,210,walking,T
person18_walking_d4,person18_walking_d4_uncomp.avi,person18_empty_d4_s1_walking_original.avi,3,211,223,empty,F
person18_walking_d4,person18_walking_d4_uncomp.avi,person18_empty_d4_s1_walking_flip.avi,3,211,223,empty,T
person18_walking_d4,person18_walking_d4_uncomp.avi,person18_walking_d4_s2_walking_original.avi,4,224,320,walking,F
person18_walking_d4,person18_walking_d4_uncomp.avi,person18_walking_d4_s2_walking_flip.avi,4,224,320,walking,T
person18_walking_d4,person18_walking_d4_uncomp.avi,person18_empty_d4_s2_walking_original.avi,5,321,394,empty,F
person18_walking_d4,person18_walking_d4_uncomp.avi,person18_empty_d4_s2_walking_flip.avi,5,321,394,empty,T
person18_walking_d4,person18_walking_d4_uncomp.avi,person18_walking_d4_s3_walking_original.avi,6,395,492,walking,F
person18_walking_d4,person18_walking_d4_uncomp.avi,person18_walking_d4_s3_walking_flip.avi,6,395,492,walking,T
person19_boxing_d1,person19_boxing_d1_uncomp.avi,person19_boxing_d1_s0_boxing_original.avi,0,1,108,boxing,F
person19_boxing_d1,person19_boxing_d1_uncomp.avi,person19_boxing_d1_s0_boxing_flip.avi,0,1,108,boxing,T
person19_boxing_d1,person19_boxing_d1_uncomp.avi,person19_boxing_d1_s1_boxing_original.avi,1,109,182,boxing,F
person19_boxing_d1,person19_boxing_d1_uncomp.avi,person19_boxing_d1_s1_boxing_flip.avi,1,109,182,boxing,T
person19_boxing_d1,person19_boxing_d1_uncomp.avi,person19_boxing_d1_s2_boxing_original.avi,2,183,269,boxing,F
person19_boxing_d1,person19_boxing_d1_uncomp.avi,person19_boxing_d1_s2_boxing_flip.avi,2,183,269,boxing,T
person19_boxing_d1,person19_boxing_d1_uncomp.avi,person19_boxing_d1_s3_boxing_original.avi,3,270,350,boxing,F
person19_boxing_d1,person19_boxing_d1_uncomp.avi,person19_boxing_d1_s3_boxing_flip.avi,3,270,350,boxing,T
person19_boxing_d2,person19_boxing_d2_uncomp.avi,person19_boxing_d2_s0_boxing_original.avi,0,1,126,boxing,F
person19_boxing_d2,person19_boxing_d2_uncomp.avi,person19_boxing_d2_s0_boxing_flip.avi,0,1,126,boxing,T
person19_boxing_d2,person19_boxing_d2_uncomp.avi,person19_boxing_d2_s1_boxing_original.avi,1,127,255,boxing,F
person19_boxing_d2,person19_boxing_d2_uncomp.avi,person19_boxing_d2_s1_boxing_flip.avi,1,127,255,boxing,T
person19_boxing_d2,person19_boxing_d2_uncomp.avi,person19_boxing_d2_s2_boxing_original.avi,2,256,354,boxing,F
person19_boxing_d2,person19_boxing_d2_uncomp.avi,person19_boxing_d2_s2_boxing_flip.avi,2,256,354,boxing,T
person19_boxing_d2,person19_boxing_d2_uncomp.avi,person19_boxing_d2_s3_boxing_original.avi,3,355,468,boxing,F
person19_boxing_d2,person19_boxing_d2_uncomp.avi,person19_boxing_d2_s3_boxing_flip.avi,3,355,468,boxing,T
person19_boxing_d3,person19_boxing_d3_uncomp.avi,person19_boxing_d3_s0_boxing_original.avi,0,1,92,boxing,F
person19_boxing_d3,person19_boxing_d3_uncomp.avi,person19_boxing_d3_s0_boxing_flip.avi,0,1,92,boxing,T
person19_boxing_d3,person19_boxing_d3_uncomp.avi,person19_boxing_d3_s1_boxing_original.avi,1,93,185,boxing,F
person19_boxing_d3,person19_boxing_d3_uncomp.avi,person19_boxing_d3_s1_boxing_flip.avi,1,93,185,boxing,T
person19_boxing_d3,person19_boxing_d3_uncomp.avi,person19_boxing_d3_s2_boxing_original.avi,2,186,310,boxing,F
person19_boxing_d3,person19_boxing_d3_uncomp.avi,person19_boxing_d3_s2_boxing_flip.avi,2,186,310,boxing,T
person19_boxing_d3,person19_boxing_d3_uncomp.avi,person19_boxing_d3_s3_boxing_original.avi,3,311,442,boxing,F
person19_boxing_d3,person19_boxing_d3_uncomp.avi,person19_boxing_d3_s3_boxing_flip.avi,3,311,442,boxing,T
person19_boxing_d4,person19_boxing_d4_uncomp.avi,person19_boxing_d4_s0_boxing_original.avi,0,1,124,boxing,F
person19_boxing_d4,person19_boxing_d4_uncomp.avi,person19_boxing_d4_s0_boxing_flip.avi,0,1,124,boxing,T
person19_boxing_d4,person19_boxing_d4_uncomp.avi,person19_boxing_d4_s1_boxing_original.avi,1,125,210,boxing,F
person19_boxing_d4,person19_boxing_d4_uncomp.avi,person19_boxing_d4_s1_boxing_flip.avi,1,125,210,boxing,T
person19_boxing_d4,person19_boxing_d4_uncomp.avi,person19_boxing_d4_s2_boxing_original.avi,2,211,298,boxing,F
person19_boxing_d4,person19_boxing_d4_uncomp.avi,person19_boxing_d4_s2_boxing_flip.avi,2,211,298,boxing,T
person19_boxing_d4,person19_boxing_d4_uncomp.avi,person19_boxing_d4_s3_boxing_original.avi,3,299,420,boxing,F
person19_boxing_d4,person19_boxing_d4_uncomp.avi,person19_boxing_d4_s3_boxing_flip.avi,3,299,420,boxing,T
person19_handclapping_d1,person19_handclapping_d1_uncomp.avi,person19_handclapping_d1_s0_handclapping_original.avi,0,1,88,handclapping,F
person19_handclapping_d1,person19_handclapping_d1_uncomp.avi,person19_handclapping_d1_s0_handclapping_flip.avi,0,1,88,handclapping,T
person19_handclapping_d1,person19_handclapping_d1_uncomp.avi,person19_handclapping_d1_s1_handclapping_original.avi,1,89,200,handclapping,F
person19_handclapping_d1,person19_handclapping_d1_uncomp.avi,person19_handclapping_d1_s1_handclapping_flip.avi,1,89,200,handclapping,T
person19_handclapping_d1,person19_handclapping_d1_uncomp.avi,person19_handclapping_d1_s2_handclapping_original.avi,2,201,290,handclapping,F
person19_handclapping_d1,person19_handclapping_d1_uncomp.avi,person19_handclapping_d1_s2_handclapping_flip.avi,2,201,290,handclapping,T
person19_handclapping_d1,person19_handclapping_d1_uncomp.avi,person19_handclapping_d1_s3_handclapping_original.avi,3,291,412,handclapping,F
person19_handclapping_d1,person19_handclapping_d1_uncomp.avi,person19_handclapping_d1_s3_handclapping_flip.avi,3,291,412,handclapping,T
person19_handclapping_d2,person19_handclapping_d2_uncomp.avi,person19_handclapping_d2_s0_handclapping_original.avi,0,1,84,handclapping,F
person19_handclapping_d2,person19_handclapping_d2_uncomp.avi,person19_handclapping_d2_s0_handclapping_flip.avi,0,1,84,handclapping,T
person19_handclapping_d2,person19_handclapping_d2_uncomp.avi,person19_handclapping_d2_s1_handclapping_original.avi,1,85,181,handclapping,F
person19_handclapping_d2,person19_handclapping_d2_uncomp.avi,person19_handclapping_d2_s1_handclapping_flip.avi,1,85,181,handclapping,T
person19_handclapping_d2,person19_handclapping_d2_uncomp.avi,person19_empty_d2_s0_handclapping_original.avi,2,182,229,empty,F
person19_handclapping_d2,person19_handclapping_d2_uncomp.avi,person19_empty_d2_s0_handclapping_flip.avi,2,182,229,empty,T
person19_handclapping_d2,person19_handclapping_d2_uncomp.avi,person19_handclapping_d2_s2_handclapping_original.avi,3,230,342,handclapping,F
person19_handclapping_d2,person19_handclapping_d2_uncomp.avi,person19_handclapping_d2_s2_handclapping_flip.avi,3,230,342,handclapping,T
person19_handclapping_d2,person19_handclapping_d2_uncomp.avi,person19_handclapping_d2_s3_handclapping_original.avi,4,343,450,handclapping,F
person19_handclapping_d2,person19_handclapping_d2_uncomp.avi,person19_handclapping_d2_s3_handclapping_flip.avi,4,343,450,handclapping,T
person19_handclapping_d3,person19_handclapping_d3_uncomp.avi,person19_handclapping_d3_s0_handclapping_original.avi,0,1,115,handclapping,F
person19_handclapping_d3,person19_handclapping_d3_uncomp.avi,person19_handclapping_d3_s0_handclapping_flip.avi,0,1,115,handclapping,T
person19_handclapping_d3,person19_handclapping_d3_uncomp.avi,person19_handclapping_d3_s1_handclapping_original.avi,1,116,212,handclapping,F
person19_handclapping_d3,person19_handclapping_d3_uncomp.avi,person19_handclapping_d3_s1_handclapping_flip.avi,1,116,212,handclapping,T
person19_handclapping_d3,person19_handclapping_d3_uncomp.avi,person19_handclapping_d3_s2_handclapping_original.avi,2,213,335,handclapping,F
person19_handclapping_d3,person19_handclapping_d3_uncomp.avi,person19_handclapping_d3_s2_handclapping_flip.avi,2,213,335,handclapping,T
person19_handclapping_d3,person19_handclapping_d3_uncomp.avi,person19_handclapping_d3_s3_handclapping_original.avi,3,336,460,handclapping,F
person19_handclapping_d3,person19_handclapping_d3_uncomp.avi,person19_handclapping_d3_s3_handclapping_flip.avi,3,336,460,handclapping,T
person19_handclapping_d4,person19_handclapping_d4_uncomp.avi,person19_handclapping_d4_s0_handclapping_original.avi,0,1,102,handclapping,F
person19_handclapping_d4,person19_handclapping_d4_uncomp.avi,person19_handclapping_d4_s0_handclapping_flip.avi,0,1,102,handclapping,T
person19_handclapping_d4,person19_handclapping_d4_uncomp.avi,person19_handclapping_d4_s1_handclapping_original.avi,1,103,203,handclapping,F
person19_handclapping_d4,person19_handclapping_d4_uncomp.avi,person19_handclapping_d4_s1_handclapping_flip.avi,1,103,203,handclapping,T
person19_handclapping_d4,person19_handclapping_d4_uncomp.avi,person19_handclapping_d4_s2_handclapping_original.avi,2,204,282,handclapping,F
person19_handclapping_d4,person19_handclapping_d4_uncomp.avi,person19_handclapping_d4_s2_handclapping_flip.avi,2,204,282,handclapping,T
person19_handclapping_d4,person19_handclapping_d4_uncomp.avi,person19_handclapping_d4_s3_handclapping_original.avi,3,283,384,handclapping,F
person19_handclapping_d4,person19_handclapping_d4_uncomp.avi,person19_handclapping_d4_s3_handclapping_flip.avi,3,283,384,handclapping,T
person19_handwaving_d1,person19_handwaving_d1_uncomp.avi,person19_handwaving_d1_s0_handwaving_original.avi,0,1,140,handwaving,F
person19_handwaving_d1,person19_handwaving_d1_uncomp.avi,person19_handwaving_d1_s0_handwaving_flip.avi,0,1,140,handwaving,T
person19_handwaving_d1,person19_handwaving_d1_uncomp.avi,person19_handwaving_d1_s1_handwaving_original.avi,1,141,290,handwaving,F
person19_handwaving_d1,person19_handwaving_d1_uncomp.avi,person19_handwaving_d1_s1_handwaving_flip.avi,1,141,290,handwaving,T
person19_handwaving_d1,person19_handwaving_d1_uncomp.avi,person19_handwaving_d1_s2_handwaving_original.avi,2,291,444,handwaving,F
person19_handwaving_d1,person19_handwaving_d1_uncomp.avi,person19_handwaving_d1_s2_handwaving_flip.avi,2,291,444,handwaving,T
person19_handwaving_d1,person19_handwaving_d1_uncomp.avi,person19_handwaving_d1_s3_handwaving_original.avi,3,445,655,handwaving,F
person19_handwaving_d1,person19_handwaving_d1_uncomp.avi,person19_handwaving_d1_s3_handwaving_flip.avi,3,445,655,handwaving,T
person19_handwaving_d2,person19_handwaving_d2_uncomp.avi,person19_handwaving_d2_s0_handwaving_original.avi,0,1,144,handwaving,F
person19_handwaving_d2,person19_handwaving_d2_uncomp.avi,person19_handwaving_d2_s0_handwaving_flip.avi,0,1,144,handwaving,T
person19_handwaving_d2,person19_handwaving_d2_uncomp.avi,person19_empty_d2_s0_handwaving_original.avi,1,145,211,empty,F
person19_handwaving_d2,person19_handwaving_d2_uncomp.avi,person19_empty_d2_s0_handwaving_flip.avi,1,145,211,empty,T
person19_handwaving_d2,person19_handwaving_d2_uncomp.avi,person19_handwaving_d2_s1_handwaving_original.avi,2,212,340,handwaving,F
person19_handwaving_d2,person19_handwaving_d2_uncomp.avi,person19_handwaving_d2_s1_handwaving_flip.avi,2,212,340,handwaving,T
person19_handwaving_d2,person19_handwaving_d2_uncomp.avi,person19_handwaving_d2_s2_handwaving_original.avi,3,341,485,handwaving,F
person19_handwaving_d2,person19_handwaving_d2_uncomp.avi,person19_handwaving_d2_s2_handwaving_flip.avi,3,341,485,handwaving,T
person19_handwaving_d2,person19_handwaving_d2_uncomp.avi,person19_handwaving_d2_s3_handwaving_original.avi,4,486,630,handwaving,F
person19_handwaving_d2,person19_handwaving_d2_uncomp.avi,person19_handwaving_d2_s3_handwaving_flip.avi,4,486,630,handwaving,T
person19_handwaving_d3,person19_handwaving_d3_uncomp.avi,person19_handwaving_d3_s0_handwaving_original.avi,0,1,128,handwaving,F
person19_handwaving_d3,person19_handwaving_d3_uncomp.avi,person19_handwaving_d3_s0_handwaving_flip.avi,0,1,128,handwaving,T
person19_handwaving_d3,person19_handwaving_d3_uncomp.avi,person19_handwaving_d3_s1_handwaving_original.avi,1,129,312,handwaving,F
person19_handwaving_d3,person19_handwaving_d3_uncomp.avi,person19_handwaving_d3_s1_handwaving_flip.avi,1,129,312,handwaving,T
person19_handwaving_d3,person19_handwaving_d3_uncomp.avi,person19_handwaving_d3_s2_handwaving_original.avi,2,313,450,handwaving,F
person19_handwaving_d3,person19_handwaving_d3_uncomp.avi,person19_handwaving_d3_s2_handwaving_flip.avi,2,313,450,handwaving,T
person19_handwaving_d3,person19_handwaving_d3_uncomp.avi,person19_handwaving_d3_s3_handwaving_original.avi,3,451,638,handwaving,F
person19_handwaving_d3,person19_handwaving_d3_uncomp.avi,person19_handwaving_d3_s3_handwaving_flip.avi,3,451,638,handwaving,T
person19_handwaving_d4,person19_handwaving_d4_uncomp.avi,person19_handwaving_d4_s0_handwaving_original.avi,0,1,155,handwaving,F
person19_handwaving_d4,person19_handwaving_d4_uncomp.avi,person19_handwaving_d4_s0_handwaving_flip.avi,0,1,155,handwaving,T
person19_handwaving_d4,person19_handwaving_d4_uncomp.avi,person19_handwaving_d4_s1_handwaving_original.avi,1,156,330,handwaving,F
person19_handwaving_d4,person19_handwaving_d4_uncomp.avi,person19_handwaving_d4_s1_handwaving_flip.avi,1,156,330,handwaving,T
person19_handwaving_d4,person19_handwaving_d4_uncomp.avi,person19_handwaving_d4_s2_handwaving_original.avi,2,331,466,handwaving,F
person19_handwaving_d4,person19_handwaving_d4_uncomp.avi,person19_handwaving_d4_s2_handwaving_flip.avi,2,331,466,handwaving,T
person19_handwaving_d4,person19_handwaving_d4_uncomp.avi,person19_handwaving_d4_s3_handwaving_original.avi,3,467,599,handwaving,F
person19_handwaving_d4,person19_handwaving_d4_uncomp.avi,person19_handwaving_d4_s3_handwaving_flip.avi,3,467,599,handwaving,T
person19_jogging_d1,person19_jogging_d1_uncomp.avi,person19_jogging_d1_s0_jogging_original.avi,0,1,60,jogging,F
person19_jogging_d1,person19_jogging_d1_uncomp.avi,person19_jogging_d1_s0_jogging_flip.avi,0,1,60,jogging,T
person19_jogging_d1,person19_jogging_d1_uncomp.avi,person19_empty_d1_s0_jogging_original.avi,1,61,107,empty,F
person19_jogging_d1,person19_jogging_d1_uncomp.avi,person19_empty_d1_s0_jogging_flip.avi,1,61,107,empty,T
person19_jogging_d1,person19_jogging_d1_uncomp.avi,person19_jogging_d1_s1_jogging_original.avi,2,108,164,jogging,F
person19_jogging_d1,person19_jogging_d1_uncomp.avi,person19_jogging_d1_s1_jogging_flip.avi,2,108,164,jogging,T
person19_jogging_d1,person19_jogging_d1_uncomp.avi,person19_empty_d1_s1_jogging_original.avi,3,165,184,empty,F
person19_jogging_d1,person19_jogging_d1_uncomp.avi,person19_empty_d1_s1_jogging_flip.avi,3,165,184,empty,T
person19_jogging_d1,person19_jogging_d1_uncomp.avi,person19_jogging_d1_s2_jogging_original.avi,4,185,245,jogging,F
person19_jogging_d1,person19_jogging_d1_uncomp.avi,person19_jogging_d1_s2_jogging_flip.avi,4,185,245,jogging,T
person19_jogging_d1,person19_jogging_d1_uncomp.avi,person19_empty_d1_s2_jogging_original.avi,5,246,299,empty,F
person19_jogging_d1,person19_jogging_d1_uncomp.avi,person19_empty_d1_s2_jogging_flip.avi,5,246,299,empty,T
person19_jogging_d1,person19_jogging_d1_uncomp.avi,person19_jogging_d1_s3_jogging_original.avi,6,300,365,jogging,F
person19_jogging_d1,person19_jogging_d1_uncomp.avi,person19_jogging_d1_s3_jogging_flip.avi,6,300,365,jogging,T
person19_jogging_d2,person19_jogging_d2_uncomp.avi,person19_jogging_d2_s0_jogging_original.avi,0,1,85,jogging,F
person19_jogging_d2,person19_jogging_d2_uncomp.avi,person19_jogging_d2_s0_jogging_flip.avi,0,1,85,jogging,T
person19_jogging_d2,person19_jogging_d2_uncomp.avi,person19_empty_d2_s0_jogging_original.avi,1,86,139,empty,F
person19_jogging_d2,person19_jogging_d2_uncomp.avi,person19_empty_d2_s0_jogging_flip.avi,1,86,139,empty,T
person19_jogging_d2,person19_jogging_d2_uncomp.avi,person19_jogging_d2_s1_jogging_original.avi,2,140,245,jogging,F
person19_jogging_d2,person19_jogging_d2_uncomp.avi,person19_jogging_d2_s1_jogging_flip.avi,2,140,245,jogging,T
person19_jogging_d2,person19_jogging_d2_uncomp.avi,person19_empty_d2_s1_jogging_original.avi,3,246,264,empty,F
person19_jogging_d2,person19_jogging_d2_uncomp.avi,person19_empty_d2_s1_jogging_flip.avi,3,246,264,empty,T
person19_jogging_d2,person19_jogging_d2_uncomp.avi,person19_jogging_d2_s2_jogging_original.avi,4,265,355,jogging,F
person19_jogging_d2,person19_jogging_d2_uncomp.avi,person19_jogging_d2_s2_jogging_flip.avi,4,265,355,jogging,T
person19_jogging_d2,person19_jogging_d2_uncomp.avi,person19_empty_d2_s2_jogging_original.avi,5,356,419,empty,F
person19_jogging_d2,person19_jogging_d2_uncomp.avi,person19_empty_d2_s2_jogging_flip.avi,5,356,419,empty,T
person19_jogging_d2,person19_jogging_d2_uncomp.avi,person19_jogging_d2_s3_jogging_original.avi,6,420,525,jogging,F
person19_jogging_d2,person19_jogging_d2_uncomp.avi,person19_jogging_d2_s3_jogging_flip.avi,6,420,525,jogging,T
person19_jogging_d3,person19_jogging_d3_uncomp.avi,person19_jogging_d3_s0_jogging_original.avi,0,1,50,jogging,F
person19_jogging_d3,person19_jogging_d3_uncomp.avi,person19_jogging_d3_s0_jogging_flip.avi,0,1,50,jogging,T
person19_jogging_d3,person19_jogging_d3_uncomp.avi,person19_empty_d3_s0_jogging_original.avi,1,51,79,empty,F
person19_jogging_d3,person19_jogging_d3_uncomp.avi,person19_empty_d3_s0_jogging_flip.avi,1,51,79,empty,T
person19_jogging_d3,person19_jogging_d3_uncomp.avi,person19_jogging_d3_s1_jogging_original.avi,2,80,135,jogging,F
person19_jogging_d3,person19_jogging_d3_uncomp.avi,person19_jogging_d3_s1_jogging_flip.avi,2,80,135,jogging,T
person19_jogging_d3,person19_jogging_d3_uncomp.avi,person19_empty_d3_s1_jogging_original.avi,3,136,174,empty,F
person19_jogging_d3,person19_jogging_d3_uncomp.avi,person19_empty_d3_s1_jogging_flip.avi,3,136,174,empty,T
person19_jogging_d3,person19_jogging_d3_uncomp.avi,person19_jogging_d3_s2_jogging_original.avi,4,175,225,jogging,F
person19_jogging_d3,person19_jogging_d3_uncomp.avi,person19_jogging_d3_s2_jogging_flip.avi,4,175,225,jogging,T
person19_jogging_d3,person19_jogging_d3_uncomp.avi,person19_empty_d3_s2_jogging_original.avi,5,226,294,empty,F
person19_jogging_d3,person19_jogging_d3_uncomp.avi,person19_empty_d3_s2_jogging_flip.avi,5,226,294,empty,T
person19_jogging_d3,person19_jogging_d3_uncomp.avi,person19_jogging_d3_s3_jogging_original.avi,6,295,350,jogging,F
person19_jogging_d3,person19_jogging_d3_uncomp.avi,person19_jogging_d3_s3_jogging_flip.avi,6,295,350,jogging,T
person19_jogging_d4,person19_jogging_d4_uncomp.avi,person19_jogging_d4_s0_jogging_original.avi,0,1,70,jogging,F
person19_jogging_d4,person19_jogging_d4_uncomp.avi,person19_jogging_d4_s0_jogging_flip.avi,0,1,70,jogging,T
person19_jogging_d4,person19_jogging_d4_uncomp.avi,person19_empty_d4_s0_jogging_original.avi,1,71,99,empty,F
person19_jogging_d4,person19_jogging_d4_uncomp.avi,person19_empty_d4_s0_jogging_flip.avi,1,71,99,empty,T
person19_jogging_d4,person19_jogging_d4_uncomp.avi,person19_jogging_d4_s1_jogging_original.avi,2,100,180,jogging,F
person19_jogging_d4,person19_jogging_d4_uncomp.avi,person19_jogging_d4_s1_jogging_flip.avi,2,100,180,jogging,T
person19_jogging_d4,person19_jogging_d4_uncomp.avi,person19_empty_d4_s1_jogging_original.avi,3,181,187,empty,F
person19_jogging_d4,person19_jogging_d4_uncomp.avi,person19_empty_d4_s1_jogging_flip.avi,3,181,187,empty,T
person19_jogging_d4,person19_jogging_d4_uncomp.avi,person19_jogging_d4_s2_jogging_original.avi,4,188,250,jogging,F
person19_jogging_d4,person19_jogging_d4_uncomp.avi,person19_jogging_d4_s2_jogging_flip.avi,4,188,250,jogging,T
person19_jogging_d4,person19_jogging_d4_uncomp.avi,person19_empty_d4_s2_jogging_original.avi,5,251,284,empty,F
person19_jogging_d4,person19_jogging_d4_uncomp.avi,person19_empty_d4_s2_jogging_flip.avi,5,251,284,empty,T
person19_jogging_d4,person19_jogging_d4_uncomp.avi,person19_jogging_d4_s3_jogging_original.avi,6,285,350,jogging,F
person19_jogging_d4,person19_jogging_d4_uncomp.avi,person19_jogging_d4_s3_jogging_flip.avi,6,285,350,jogging,T
person19_running_d1,person19_running_d1_uncomp.avi,person19_running_d1_s0_running_original.avi,0,1,45,running,F
person19_running_d1,person19_running_d1_uncomp.avi,person19_running_d1_s0_running_flip.avi,0,1,45,running,T
person19_running_d1,person19_running_d1_uncomp.avi,person19_empty_d1_s0_running_original.avi,1,46,97,empty,F
person19_running_d1,person19_running_d1_uncomp.avi,person19_empty_d1_s0_running_flip.avi,1,46,97,empty,T
person19_running_d1,person19_running_d1_uncomp.avi,person19_running_d1_s1_running_original.avi,2,98,140,running,F
person19_running_d1,person19_running_d1_uncomp.avi,person19_running_d1_s1_running_flip.avi,2,98,140,running,T
person19_running_d1,person19_running_d1_uncomp.avi,person19_empty_d1_s1_running_original.avi,3,141,204,empty,F
person19_running_d1,person19_running_d1_uncomp.avi,person19_empty_d1_s1_running_flip.avi,3,141,204,empty,T
person19_running_d1,person19_running_d1_uncomp.avi,person19_running_d1_s2_running_original.avi,4,205,250,running,F
person19_running_d1,person19_running_d1_uncomp.avi,person19_running_d1_s2_running_flip.avi,4,205,250,running,T
person19_running_d1,person19_running_d1_uncomp.avi,person19_empty_d1_s2_running_original.avi,5,251,309,empty,F
person19_running_d1,person19_running_d1_uncomp.avi,person19_empty_d1_s2_running_flip.avi,5,251,309,empty,T
person19_running_d1,person19_running_d1_uncomp.avi,person19_running_d1_s3_running_original.avi,6,310,355,running,F
person19_running_d1,person19_running_d1_uncomp.avi,person19_running_d1_s3_running_flip.avi,6,310,355,running,T
person19_running_d2,person19_running_d2_uncomp.avi,person19_running_d2_s0_running_original.avi,0,1,64,running,F
person19_running_d2,person19_running_d2_uncomp.avi,person19_running_d2_s0_running_flip.avi,0,1,64,running,T
person19_running_d2,person19_running_d2_uncomp.avi,person19_empty_d2_s0_running_original.avi,1,65,129,empty,F
person19_running_d2,person19_running_d2_uncomp.avi,person19_empty_d2_s0_running_flip.avi,1,65,129,empty,T
person19_running_d2,person19_running_d2_uncomp.avi,person19_running_d2_s1_running_original.avi,2,130,205,running,F
person19_running_d2,person19_running_d2_uncomp.avi,person19_running_d2_s1_running_flip.avi,2,130,205,running,T
person19_running_d2,person19_running_d2_uncomp.avi,person19_empty_d2_s1_running_original.avi,3,206,259,empty,F
person19_running_d2,person19_running_d2_uncomp.avi,person19_empty_d2_s1_running_flip.avi,3,206,259,empty,T
person19_running_d2,person19_running_d2_uncomp.avi,person19_running_d2_s2_running_original.avi,4,260,325,running,F
person19_running_d2,person19_running_d2_uncomp.avi,person19_running_d2_s2_running_flip.avi,4,260,325,running,T
person19_running_d2,person19_running_d2_uncomp.avi,person19_empty_d2_s2_running_original.avi,5,326,394,empty,F
person19_running_d2,person19_running_d2_uncomp.avi,person19_empty_d2_s2_running_flip.avi,5,326,394,empty,T
person19_running_d2,person19_running_d2_uncomp.avi,person19_running_d2_s3_running_original.avi,6,395,475,running,F
person19_running_d2,person19_running_d2_uncomp.avi,person19_running_d2_s3_running_flip.avi,6,395,475,running,T
person19_running_d3,person19_running_d3_uncomp.avi,person19_running_d3_s0_running_original.avi,0,1,40,running,F
person19_running_d3,person19_running_d3_uncomp.avi,person19_running_d3_s0_running_flip.avi,0,1,40,running,T
person19_running_d3,person19_running_d3_uncomp.avi,person19_empty_d3_s0_running_original.avi,1,41,104,empty,F
person19_running_d3,person19_running_d3_uncomp.avi,person19_empty_d3_s0_running_flip.avi,1,41,104,empty,T
person19_running_d3,person19_running_d3_uncomp.avi,person19_running_d3_s1_running_original.avi,2,105,148,running,F
person19_running_d3,person19_running_d3_uncomp.avi,person19_running_d3_s1_running_flip.avi,2,105,148,running,T
person19_running_d3,person19_running_d3_uncomp.avi,person19_empty_d3_s1_running_original.avi,3,149,231,empty,F
person19_running_d3,person19_running_d3_uncomp.avi,person19_empty_d3_s1_running_flip.avi,3,149,231,empty,T
person19_running_d3,person19_running_d3_uncomp.avi,person19_running_d3_s2_running_original.avi,4,232,275,running,F
person19_running_d3,person19_running_d3_uncomp.avi,person19_running_d3_s2_running_flip.avi,4,232,275,running,T
person19_running_d3,person19_running_d3_uncomp.avi,person19_empty_d3_s2_running_original.avi,5,276,324,empty,F
person19_running_d3,person19_running_d3_uncomp.avi,person19_empty_d3_s2_running_flip.avi,5,276,324,empty,T
person19_running_d3,person19_running_d3_uncomp.avi,person19_running_d3_s3_running_original.avi,6,325,365,running,F
person19_running_d3,person19_running_d3_uncomp.avi,person19_running_d3_s3_running_flip.avi,6,325,365,running,T
person19_running_d4,person19_running_d4_uncomp.avi,person19_running_d4_s0_running_original.avi,0,1,50,running,F
person19_running_d4,person19_running_d4_uncomp.avi,person19_running_d4_s0_running_flip.avi,0,1,50,running,T
person19_running_d4,person19_running_d4_uncomp.avi,person19_empty_d4_s0_running_original.avi,1,51,84,empty,F
person19_running_d4,person19_running_d4_uncomp.avi,person19_empty_d4_s0_running_flip.avi,1,51,84,empty,T
person19_running_d4,person19_running_d4_uncomp.avi,person19_running_d4_s1_running_original.avi,2,85,135,running,F
person19_running_d4,person19_running_d4_uncomp.avi,person19_running_d4_s1_running_flip.avi,2,85,135,running,T
person19_running_d4,person19_running_d4_uncomp.avi,person19_empty_d4_s1_running_original.avi,3,136,159,empty,F
person19_running_d4,person19_running_d4_uncomp.avi,person19_empty_d4_s1_running_flip.avi,3,136,159,empty,T
person19_running_d4,person19_running_d4_uncomp.avi,person19_running_d4_s2_running_original.avi,4,160,212,running,F
person19_running_d4,person19_running_d4_uncomp.avi,person19_running_d4_s2_running_flip.avi,4,160,212,running,T
person19_running_d4,person19_running_d4_uncomp.avi,person19_empty_d4_s2_running_original.avi,5,213,251,empty,F
person19_running_d4,person19_running_d4_uncomp.avi,person19_empty_d4_s2_running_flip.avi,5,213,251,empty,T
person19_running_d4,person19_running_d4_uncomp.avi,person19_running_d4_s3_running_original.avi,6,252,310,running,F
person19_running_d4,person19_running_d4_uncomp.avi,person19_running_d4_s3_running_flip.avi,6,252,310,running,T
person19_walking_d1,person19_walking_d1_uncomp.avi,person19_walking_d1_s0_walking_original.avi,0,1,85,walking,F
person19_walking_d1,person19_walking_d1_uncomp.avi,person19_walking_d1_s0_walking_flip.avi,0,1,85,walking,T
person19_walking_d1,person19_walking_d1_uncomp.avi,person19_empty_d1_s0_walking_original.avi,1,86,124,empty,F
person19_walking_d1,person19_walking_d1_uncomp.avi,person19_empty_d1_s0_walking_flip.avi,1,86,124,empty,T
person19_walking_d1,person19_walking_d1_uncomp.avi,person19_walking_d1_s1_walking_original.avi,2,125,215,walking,F
person19_walking_d1,person19_walking_d1_uncomp.avi,person19_walking_d1_s1_walking_flip.avi,2,125,215,walking,T
person19_walking_d1,person19_walking_d1_uncomp.avi,person19_empty_d1_s1_walking_original.avi,3,216,284,empty,F
person19_walking_d1,person19_walking_d1_uncomp.avi,person19_empty_d1_s1_walking_flip.avi,3,216,284,empty,T
person19_walking_d1,person19_walking_d1_uncomp.avi,person19_walking_d1_s2_walking_original.avi,4,285,370,walking,F
person19_walking_d1,person19_walking_d1_uncomp.avi,person19_walking_d1_s2_walking_flip.avi,4,285,370,walking,T
person19_walking_d1,person19_walking_d1_uncomp.avi,person19_empty_d1_s2_walking_original.avi,5,371,434,empty,F
person19_walking_d1,person19_walking_d1_uncomp.avi,person19_empty_d1_s2_walking_flip.avi,5,371,434,empty,T
person19_walking_d1,person19_walking_d1_uncomp.avi,person19_walking_d1_s3_walking_original.avi,6,435,525,walking,F
person19_walking_d1,person19_walking_d1_uncomp.avi,person19_walking_d1_s3_walking_flip.avi,6,435,525,walking,T
person19_walking_d2,person19_walking_d2_uncomp.avi,person19_walking_d2_s0_walking_original.avi,0,1,125,walking,F
person19_walking_d2,person19_walking_d2_uncomp.avi,person19_walking_d2_s0_walking_flip.avi,0,1,125,walking,T
person19_walking_d2,person19_walking_d2_uncomp.avi,person19_empty_d2_s0_walking_original.avi,1,126,199,empty,F
person19_walking_d2,person19_walking_d2_uncomp.avi,person19_empty_d2_s0_walking_flip.avi,1,126,199,empty,T
person19_walking_d2,person19_walking_d2_uncomp.avi,person19_walking_d2_s1_walking_original.avi,2,200,358,walking,F
person19_walking_d2,person19_walking_d2_uncomp.avi,person19_walking_d2_s1_walking_flip.avi,2,200,358,walking,T
person19_walking_d2,person19_walking_d2_uncomp.avi,person19_empty_d2_s1_walking_original.avi,3,359,404,empty,F
person19_walking_d2,person19_walking_d2_uncomp.avi,person19_empty_d2_s1_walking_flip.avi,3,359,404,empty,T
person19_walking_d2,person19_walking_d2_uncomp.avi,person19_walking_d2_s2_walking_original.avi,4,405,550,walking,F
person19_walking_d2,person19_walking_d2_uncomp.avi,person19_walking_d2_s2_walking_flip.avi,4,405,550,walking,T
person19_walking_d2,person19_walking_d2_uncomp.avi,person19_empty_d2_s2_walking_original.avi,5,551,654,empty,F
person19_walking_d2,person19_walking_d2_uncomp.avi,person19_empty_d2_s2_walking_flip.avi,5,551,654,empty,T
person19_walking_d2,person19_walking_d2_uncomp.avi,person19_walking_d2_s3_walking_original.avi,6,655,805,walking,F
person19_walking_d2,person19_walking_d2_uncomp.avi,person19_walking_d2_s3_walking_flip.avi,6,655,805,walking,T
person19_walking_d3,person19_walking_d3_uncomp.avi,person19_walking_d3_s0_walking_original.avi,0,1,80,walking,F
person19_walking_d3,person19_walking_d3_uncomp.avi,person19_walking_d3_s0_walking_flip.avi,0,1,80,walking,T
person19_walking_d3,person19_walking_d3_uncomp.avi,person19_empty_d3_s0_walking_original.avi,1,81,135,empty,F
person19_walking_d3,person19_walking_d3_uncomp.avi,person19_empty_d3_s0_walking_flip.avi,1,81,135,empty,T
person19_walking_d3,person19_walking_d3_uncomp.avi,person19_walking_d3_s1_walking_original.avi,2,136,220,walking,F
person19_walking_d3,person19_walking_d3_uncomp.avi,person19_walking_d3_s1_walking_flip.avi,2,136,220,walking,T
person19_walking_d3,person19_walking_d3_uncomp.avi,person19_empty_d3_s1_walking_original.avi,3,221,297,empty,F
person19_walking_d3,person19_walking_d3_uncomp.avi,person19_empty_d3_s1_walking_flip.avi,3,221,297,empty,T
person19_walking_d3,person19_walking_d3_uncomp.avi,person19_walking_d3_s2_walking_original.avi,4,298,380,walking,F
person19_walking_d3,person19_walking_d3_uncomp.avi,person19_walking_d3_s2_walking_flip.avi,4,298,380,walking,T
person19_walking_d3,person19_walking_d3_uncomp.avi,person19_empty_d3_s2_walking_original.avi,5,381,441,empty,F
person19_walking_d3,person19_walking_d3_uncomp.avi,person19_empty_d3_s2_walking_flip.avi,5,381,441,empty,T
person19_walking_d3,person19_walking_d3_uncomp.avi,person19_walking_d3_s3_walking_original.avi,6,442,525,walking,F
person19_walking_d3,person19_walking_d3_uncomp.avi,person19_walking_d3_s3_walking_flip.avi,6,442,525,walking,T
person19_walking_d4,person19_walking_d4_uncomp.avi,person19_walking_d4_s0_walking_original.avi,0,1,128,walking,F
person19_walking_d4,person19_walking_d4_uncomp.avi,person19_walking_d4_s0_walking_flip.avi,0,1,128,walking,T
person19_walking_d4,person19_walking_d4_uncomp.avi,person19_empty_d4_s0_walking_original.avi,1,129,187,empty,F
person19_walking_d4,person19_walking_d4_uncomp.avi,person19_empty_d4_s0_walking_flip.avi,1,129,187,empty,T
person19_walking_d4,person19_walking_d4_uncomp.avi,person19_walking_d4_s1_walking_original.avi,2,188,315,walking,F
person19_walking_d4,person19_walking_d4_uncomp.avi,person19_walking_d4_s1_walking_flip.avi,2,188,315,walking,T
person19_walking_d4,person19_walking_d4_uncomp.avi,person19_empty_d4_s1_walking_original.avi,3,316,323,empty,F
person19_walking_d4,person19_walking_d4_uncomp.avi,person19_empty_d4_s1_walking_flip.avi,3,316,323,empty,T
person19_walking_d4,person19_walking_d4_uncomp.avi,person19_walking_d4_s2_walking_original.avi,4,324,428,walking,F
person19_walking_d4,person19_walking_d4_uncomp.avi,person19_walking_d4_s2_walking_flip.avi,4,324,428,walking,T
person19_walking_d4,person19_walking_d4_uncomp.avi,person19_empty_d4_s2_walking_original.avi,5,429,451,empty,F
person19_walking_d4,person19_walking_d4_uncomp.avi,person19_empty_d4_s2_walking_flip.avi,5,429,451,empty,T
person19_walking_d4,person19_walking_d4_uncomp.avi,person19_walking_d4_s3_walking_original.avi,6,452,570,walking,F
person19_walking_d4,person19_walking_d4_uncomp.avi,person19_walking_d4_s3_walking_flip.avi,6,452,570,walking,T
person20_boxing_d1,person20_boxing_d1_uncomp.avi,person20_boxing_d1_s0_boxing_original.avi,0,1,112,boxing,F
person20_boxing_d1,person20_boxing_d1_uncomp.avi,person20_boxing_d1_s0_boxing_flip.avi,0,1,112,boxing,T
person20_boxing_d1,person20_boxing_d1_uncomp.avi,person20_boxing_d1_s1_boxing_original.avi,1,113,206,boxing,F
person20_boxing_d1,person20_boxing_d1_uncomp.avi,person20_boxing_d1_s1_boxing_flip.avi,1,113,206,boxing,T
person20_boxing_d1,person20_boxing_d1_uncomp.avi,person20_boxing_d1_s2_boxing_original.avi,2,207,300,boxing,F
person20_boxing_d1,person20_boxing_d1_uncomp.avi,person20_boxing_d1_s2_boxing_flip.avi,2,207,300,boxing,T
person20_boxing_d1,person20_boxing_d1_uncomp.avi,person20_boxing_d1_s3_boxing_original.avi,3,301,390,boxing,F
person20_boxing_d1,person20_boxing_d1_uncomp.avi,person20_boxing_d1_s3_boxing_flip.avi,3,301,390,boxing,T
person20_boxing_d2,person20_boxing_d2_uncomp.avi,person20_boxing_d2_s0_boxing_original.avi,0,1,118,boxing,F
person20_boxing_d2,person20_boxing_d2_uncomp.avi,person20_boxing_d2_s0_boxing_flip.avi,0,1,118,boxing,T
person20_boxing_d2,person20_boxing_d2_uncomp.avi,person20_boxing_d2_s1_boxing_original.avi,1,119,218,boxing,F
person20_boxing_d2,person20_boxing_d2_uncomp.avi,person20_boxing_d2_s1_boxing_flip.avi,1,119,218,boxing,T
person20_boxing_d2,person20_boxing_d2_uncomp.avi,person20_boxing_d2_s2_boxing_original.avi,2,219,366,boxing,F
person20_boxing_d2,person20_boxing_d2_uncomp.avi,person20_boxing_d2_s2_boxing_flip.avi,2,219,366,boxing,T
person20_boxing_d2,person20_boxing_d2_uncomp.avi,person20_boxing_d2_s3_boxing_original.avi,3,367,478,boxing,F
person20_boxing_d2,person20_boxing_d2_uncomp.avi,person20_boxing_d2_s3_boxing_flip.avi,3,367,478,boxing,T
person20_boxing_d3,person20_boxing_d3_uncomp.avi,person20_boxing_d3_s0_boxing_original.avi,0,1,130,boxing,F
person20_boxing_d3,person20_boxing_d3_uncomp.avi,person20_boxing_d3_s0_boxing_flip.avi,0,1,130,boxing,T
person20_boxing_d3,person20_boxing_d3_uncomp.avi,person20_boxing_d3_s1_boxing_original.avi,1,131,290,boxing,F
person20_boxing_d3,person20_boxing_d3_uncomp.avi,person20_boxing_d3_s1_boxing_flip.avi,1,131,290,boxing,T
person20_boxing_d3,person20_boxing_d3_uncomp.avi,person20_boxing_d3_s2_boxing_original.avi,2,291,424,boxing,F
person20_boxing_d3,person20_boxing_d3_uncomp.avi,person20_boxing_d3_s2_boxing_flip.avi,2,291,424,boxing,T
person20_boxing_d3,person20_boxing_d3_uncomp.avi,person20_boxing_d3_s3_boxing_original.avi,3,425,496,boxing,F
person20_boxing_d3,person20_boxing_d3_uncomp.avi,person20_boxing_d3_s3_boxing_flip.avi,3,425,496,boxing,T
person20_boxing_d4,person20_boxing_d4_uncomp.avi,person20_boxing_d4_s0_boxing_original.avi,0,1,95,boxing,F
person20_boxing_d4,person20_boxing_d4_uncomp.avi,person20_boxing_d4_s0_boxing_flip.avi,0,1,95,boxing,T
person20_boxing_d4,person20_boxing_d4_uncomp.avi,person20_boxing_d4_s1_boxing_original.avi,1,96,200,boxing,F
person20_boxing_d4,person20_boxing_d4_uncomp.avi,person20_boxing_d4_s1_boxing_flip.avi,1,96,200,boxing,T
person20_boxing_d4,person20_boxing_d4_uncomp.avi,person20_boxing_d4_s2_boxing_original.avi,2,201,290,boxing,F
person20_boxing_d4,person20_boxing_d4_uncomp.avi,person20_boxing_d4_s2_boxing_flip.avi,2,201,290,boxing,T
person20_boxing_d4,person20_boxing_d4_uncomp.avi,person20_boxing_d4_s3_boxing_original.avi,3,291,420,boxing,F
person20_boxing_d4,person20_boxing_d4_uncomp.avi,person20_boxing_d4_s3_boxing_flip.avi,3,291,420,boxing,T
person20_handclapping_d1,person20_handclapping_d1_uncomp.avi,person20_handclapping_d1_s0_handclapping_original.avi,0,1,130,handclapping,F
person20_handclapping_d1,person20_handclapping_d1_uncomp.avi,person20_handclapping_d1_s0_handclapping_flip.avi,0,1,130,handclapping,T
person20_handclapping_d1,person20_handclapping_d1_uncomp.avi,person20_handclapping_d1_s1_handclapping_original.avi,1,131,242,handclapping,F
person20_handclapping_d1,person20_handclapping_d1_uncomp.avi,person20_handclapping_d1_s1_handclapping_flip.avi,1,131,242,handclapping,T
person20_handclapping_d1,person20_handclapping_d1_uncomp.avi,person20_handclapping_d1_s2_handclapping_original.avi,2,243,360,handclapping,F
person20_handclapping_d1,person20_handclapping_d1_uncomp.avi,person20_handclapping_d1_s2_handclapping_flip.avi,2,243,360,handclapping,T
person20_handclapping_d1,person20_handclapping_d1_uncomp.avi,person20_handclapping_d1_s3_handclapping_original.avi,3,361,422,handclapping,F
person20_handclapping_d1,person20_handclapping_d1_uncomp.avi,person20_handclapping_d1_s3_handclapping_flip.avi,3,361,422,handclapping,T
person20_handclapping_d2,person20_handclapping_d2_uncomp.avi,person20_handclapping_d2_s0_handclapping_original.avi,0,1,132,handclapping,F
person20_handclapping_d2,person20_handclapping_d2_uncomp.avi,person20_handclapping_d2_s0_handclapping_flip.avi,0,1,132,handclapping,T
person20_handclapping_d2,person20_handclapping_d2_uncomp.avi,person20_handclapping_d2_s1_handclapping_original.avi,1,133,249,handclapping,F
person20_handclapping_d2,person20_handclapping_d2_uncomp.avi,person20_handclapping_d2_s1_handclapping_flip.avi,1,133,249,handclapping,T
person20_handclapping_d2,person20_handclapping_d2_uncomp.avi,person20_handclapping_d2_s2_handclapping_original.avi,2,250,335,handclapping,F
person20_handclapping_d2,person20_handclapping_d2_uncomp.avi,person20_handclapping_d2_s2_handclapping_flip.avi,2,250,335,handclapping,T
person20_handclapping_d2,person20_handclapping_d2_uncomp.avi,person20_handclapping_d2_s3_handclapping_original.avi,3,336,427,handclapping,F
person20_handclapping_d2,person20_handclapping_d2_uncomp.avi,person20_handclapping_d2_s3_handclapping_flip.avi,3,336,427,handclapping,T
person20_handclapping_d3,person20_handclapping_d3_uncomp.avi,person20_handclapping_d3_s0_handclapping_original.avi,0,1,125,handclapping,F
person20_handclapping_d3,person20_handclapping_d3_uncomp.avi,person20_handclapping_d3_s0_handclapping_flip.avi,0,1,125,handclapping,T
person20_handclapping_d3,person20_handclapping_d3_uncomp.avi,person20_handclapping_d3_s1_handclapping_original.avi,1,126,225,handclapping,F
person20_handclapping_d3,person20_handclapping_d3_uncomp.avi,person20_handclapping_d3_s1_handclapping_flip.avi,1,126,225,handclapping,T
person20_handclapping_d3,person20_handclapping_d3_uncomp.avi,person20_handclapping_d3_s2_handclapping_original.avi,2,226,360,handclapping,F
person20_handclapping_d3,person20_handclapping_d3_uncomp.avi,person20_handclapping_d3_s2_handclapping_flip.avi,2,226,360,handclapping,T
person20_handclapping_d3,person20_handclapping_d3_uncomp.avi,person20_handclapping_d3_s3_handclapping_original.avi,3,361,505,handclapping,F
person20_handclapping_d3,person20_handclapping_d3_uncomp.avi,person20_handclapping_d3_s3_handclapping_flip.avi,3,361,505,handclapping,T
person20_handclapping_d4,person20_handclapping_d4_uncomp.avi,person20_handclapping_d4_s0_handclapping_original.avi,0,1,128,handclapping,F
person20_handclapping_d4,person20_handclapping_d4_uncomp.avi,person20_handclapping_d4_s0_handclapping_flip.avi,0,1,128,handclapping,T
person20_handclapping_d4,person20_handclapping_d4_uncomp.avi,person20_handclapping_d4_s1_handclapping_original.avi,1,129,262,handclapping,F
person20_handclapping_d4,person20_handclapping_d4_uncomp.avi,person20_handclapping_d4_s1_handclapping_flip.avi,1,129,262,handclapping,T
person20_handclapping_d4,person20_handclapping_d4_uncomp.avi,person20_handclapping_d4_s2_handclapping_original.avi,2,263,358,handclapping,F
person20_handclapping_d4,person20_handclapping_d4_uncomp.avi,person20_handclapping_d4_s2_handclapping_flip.avi,2,263,358,handclapping,T
person20_handclapping_d4,person20_handclapping_d4_uncomp.avi,person20_handclapping_d4_s3_handclapping_original.avi,3,359,486,handclapping,F
person20_handclapping_d4,person20_handclapping_d4_uncomp.avi,person20_handclapping_d4_s3_handclapping_flip.avi,3,359,486,handclapping,T
person20_handwaving_d1,person20_handwaving_d1_uncomp.avi,person20_handwaving_d1_s0_handwaving_original.avi,0,1,125,handwaving,F
person20_handwaving_d1,person20_handwaving_d1_uncomp.avi,person20_handwaving_d1_s0_handwaving_flip.avi,0,1,125,handwaving,T
person20_handwaving_d1,person20_handwaving_d1_uncomp.avi,person20_handwaving_d1_s1_handwaving_original.avi,1,126,265,handwaving,F
person20_handwaving_d1,person20_handwaving_d1_uncomp.avi,person20_handwaving_d1_s1_handwaving_flip.avi,1,126,265,handwaving,T
person20_handwaving_d1,person20_handwaving_d1_uncomp.avi,person20_handwaving_d1_s2_handwaving_original.avi,2,266,400,handwaving,F
person20_handwaving_d1,person20_handwaving_d1_uncomp.avi,person20_handwaving_d1_s2_handwaving_flip.avi,2,266,400,handwaving,T
person20_handwaving_d1,person20_handwaving_d1_uncomp.avi,person20_handwaving_d1_s3_handwaving_original.avi,3,401,535,handwaving,F
person20_handwaving_d1,person20_handwaving_d1_uncomp.avi,person20_handwaving_d1_s3_handwaving_flip.avi,3,401,535,handwaving,T
person20_handwaving_d2,person20_handwaving_d2_uncomp.avi,person20_handwaving_d2_s0_handwaving_original.avi,0,1,108,handwaving,F
person20_handwaving_d2,person20_handwaving_d2_uncomp.avi,person20_handwaving_d2_s0_handwaving_flip.avi,0,1,108,handwaving,T
person20_handwaving_d2,person20_handwaving_d2_uncomp.avi,person20_handwaving_d2_s1_handwaving_original.avi,1,109,254,handwaving,F
person20_handwaving_d2,person20_handwaving_d2_uncomp.avi,person20_handwaving_d2_s1_handwaving_flip.avi,1,109,254,handwaving,T
person20_handwaving_d2,person20_handwaving_d2_uncomp.avi,person20_handwaving_d2_s2_handwaving_original.avi,2,255,365,handwaving,F
person20_handwaving_d2,person20_handwaving_d2_uncomp.avi,person20_handwaving_d2_s2_handwaving_flip.avi,2,255,365,handwaving,T
person20_handwaving_d2,person20_handwaving_d2_uncomp.avi,person20_handwaving_d2_s3_handwaving_original.avi,3,366,510,handwaving,F
person20_handwaving_d2,person20_handwaving_d2_uncomp.avi,person20_handwaving_d2_s3_handwaving_flip.avi,3,366,510,handwaving,T
person20_handwaving_d3,person20_handwaving_d3_uncomp.avi,person20_handwaving_d3_s0_handwaving_original.avi,0,1,115,handwaving,F
person20_handwaving_d3,person20_handwaving_d3_uncomp.avi,person20_handwaving_d3_s0_handwaving_flip.avi,0,1,115,handwaving,T
person20_handwaving_d3,person20_handwaving_d3_uncomp.avi,person20_handwaving_d3_s1_handwaving_original.avi,1,116,232,handwaving,F
person20_handwaving_d3,person20_handwaving_d3_uncomp.avi,person20_handwaving_d3_s1_handwaving_flip.avi,1,116,232,handwaving,T
person20_handwaving_d3,person20_handwaving_d3_uncomp.avi,person20_handwaving_d3_s2_handwaving_original.avi,2,233,350,handwaving,F
person20_handwaving_d3,person20_handwaving_d3_uncomp.avi,person20_handwaving_d3_s2_handwaving_flip.avi,2,233,350,handwaving,T
person20_handwaving_d3,person20_handwaving_d3_uncomp.avi,person20_handwaving_d3_s3_handwaving_original.avi,3,351,510,handwaving,F
person20_handwaving_d3,person20_handwaving_d3_uncomp.avi,person20_handwaving_d3_s3_handwaving_flip.avi,3,351,510,handwaving,T
person20_handwaving_d4,person20_handwaving_d4_uncomp.avi,person20_handwaving_d4_s0_handwaving_original.avi,0,1,114,handwaving,F
person20_handwaving_d4,person20_handwaving_d4_uncomp.avi,person20_handwaving_d4_s0_handwaving_flip.avi,0,1,114,handwaving,T
person20_handwaving_d4,person20_handwaving_d4_uncomp.avi,person20_handwaving_d4_s1_handwaving_original.avi,1,115,270,handwaving,F
person20_handwaving_d4,person20_handwaving_d4_uncomp.avi,person20_handwaving_d4_s1_handwaving_flip.avi,1,115,270,handwaving,T
person20_handwaving_d4,person20_handwaving_d4_uncomp.avi,person20_handwaving_d4_s2_handwaving_original.avi,2,271,385,handwaving,F
person20_handwaving_d4,person20_handwaving_d4_uncomp.avi,person20_handwaving_d4_s2_handwaving_flip.avi,2,271,385,handwaving,T
person20_handwaving_d4,person20_handwaving_d4_uncomp.avi,person20_handwaving_d4_s3_handwaving_original.avi,3,386,502,handwaving,F
person20_handwaving_d4,person20_handwaving_d4_uncomp.avi,person20_handwaving_d4_s3_handwaving_flip.avi,3,386,502,handwaving,T
person20_jogging_d1,person20_jogging_d1_uncomp.avi,person20_jogging_d1_s0_jogging_original.avi,0,1,50,jogging,F
person20_jogging_d1,person20_jogging_d1_uncomp.avi,person20_jogging_d1_s0_jogging_flip.avi,0,1,50,jogging,T
person20_jogging_d1,person20_jogging_d1_uncomp.avi,person20_empty_d1_s0_jogging_original.avi,1,51,184,empty,F
person20_jogging_d1,person20_jogging_d1_uncomp.avi,person20_empty_d1_s0_jogging_flip.avi,1,51,184,empty,T
person20_jogging_d1,person20_jogging_d1_uncomp.avi,person20_jogging_d1_s1_jogging_original.avi,2,185,235,jogging,F
person20_jogging_d1,person20_jogging_d1_uncomp.avi,person20_jogging_d1_s1_jogging_flip.avi,2,185,235,jogging,T
person20_jogging_d1,person20_jogging_d1_uncomp.avi,person20_empty_d1_s1_jogging_original.avi,3,236,285,empty,F
person20_jogging_d1,person20_jogging_d1_uncomp.avi,person20_empty_d1_s1_jogging_flip.avi,3,236,285,empty,T
person20_jogging_d1,person20_jogging_d1_uncomp.avi,person20_jogging_d1_s2_jogging_original.avi,4,286,345,jogging,F
person20_jogging_d1,person20_jogging_d1_uncomp.avi,person20_jogging_d1_s2_jogging_flip.avi,4,286,345,jogging,T
person20_jogging_d1,person20_jogging_d1_uncomp.avi,person20_empty_d1_s2_jogging_original.avi,5,346,409,empty,F
person20_jogging_d1,person20_jogging_d1_uncomp.avi,person20_empty_d1_s2_jogging_flip.avi,5,346,409,empty,T
person20_jogging_d1,person20_jogging_d1_uncomp.avi,person20_jogging_d1_s3_jogging_original.avi,6,410,470,jogging,F
person20_jogging_d1,person20_jogging_d1_uncomp.avi,person20_jogging_d1_s3_jogging_flip.avi,6,410,470,jogging,T
person20_jogging_d2,person20_jogging_d2_uncomp.avi,person20_jogging_d2_s0_jogging_original.avi,0,1,85,jogging,F
person20_jogging_d2,person20_jogging_d2_uncomp.avi,person20_jogging_d2_s0_jogging_flip.avi,0,1,85,jogging,T
person20_jogging_d2,person20_jogging_d2_uncomp.avi,person20_empty_d2_s0_jogging_original.avi,1,86,124,empty,F
person20_jogging_d2,person20_jogging_d2_uncomp.avi,person20_empty_d2_s0_jogging_flip.avi,1,86,124,empty,T
person20_jogging_d2,person20_jogging_d2_uncomp.avi,person20_jogging_d2_s1_jogging_original.avi,2,125,218,jogging,F
person20_jogging_d2,person20_jogging_d2_uncomp.avi,person20_jogging_d2_s1_jogging_flip.avi,2,125,218,jogging,T
person20_jogging_d2,person20_jogging_d2_uncomp.avi,person20_empty_d2_s1_jogging_original.avi,3,219,254,empty,F
person20_jogging_d2,person20_jogging_d2_uncomp.avi,person20_empty_d2_s1_jogging_flip.avi,3,219,254,empty,T
person20_jogging_d2,person20_jogging_d2_uncomp.avi,person20_jogging_d2_s2_jogging_original.avi,4,255,330,jogging,F
person20_jogging_d2,person20_jogging_d2_uncomp.avi,person20_jogging_d2_s2_jogging_flip.avi,4,255,330,jogging,T
person20_jogging_d2,person20_jogging_d2_uncomp.avi,person20_empty_d2_s2_jogging_original.avi,5,331,369,empty,F
person20_jogging_d2,person20_jogging_d2_uncomp.avi,person20_empty_d2_s2_jogging_flip.avi,5,331,369,empty,T
person20_jogging_d2,person20_jogging_d2_uncomp.avi,person20_jogging_d2_s3_jogging_original.avi,6,370,470,jogging,F
person20_jogging_d2,person20_jogging_d2_uncomp.avi,person20_jogging_d2_s3_jogging_flip.avi,6,370,470,jogging,T
person20_jogging_d3,person20_jogging_d3_uncomp.avi,person20_jogging_d3_s0_jogging_original.avi,0,1,45,jogging,F
person20_jogging_d3,person20_jogging_d3_uncomp.avi,person20_jogging_d3_s0_jogging_flip.avi,0,1,45,jogging,T
person20_jogging_d3,person20_jogging_d3_uncomp.avi,person20_empty_d3_s0_jogging_original.avi,1,46,94,empty,F
person20_jogging_d3,person20_jogging_d3_uncomp.avi,person20_empty_d3_s0_jogging_flip.avi,1,46,94,empty,T
person20_jogging_d3,person20_jogging_d3_uncomp.avi,person20_jogging_d3_s1_jogging_original.avi,2,95,145,jogging,F
person20_jogging_d3,person20_jogging_d3_uncomp.avi,person20_jogging_d3_s1_jogging_flip.avi,2,95,145,jogging,T
person20_jogging_d3,person20_jogging_d3_uncomp.avi,person20_empty_d3_s1_jogging_original.avi,3,146,199,empty,F
person20_jogging_d3,person20_jogging_d3_uncomp.avi,person20_empty_d3_s1_jogging_flip.avi,3,146,199,empty,T
person20_jogging_d3,person20_jogging_d3_uncomp.avi,person20_jogging_d3_s2_jogging_original.avi,4,200,245,jogging,F
person20_jogging_d3,person20_jogging_d3_uncomp.avi,person20_jogging_d3_s2_jogging_flip.avi,4,200,245,jogging,T
person20_jogging_d3,person20_jogging_d3_uncomp.avi,person20_empty_d3_s2_jogging_original.avi,5,246,303,empty,F
person20_jogging_d3,person20_jogging_d3_uncomp.avi,person20_empty_d3_s2_jogging_flip.avi,5,246,303,empty,T
person20_jogging_d3,person20_jogging_d3_uncomp.avi,person20_jogging_d3_s3_jogging_original.avi,6,304,350,jogging,F
person20_jogging_d3,person20_jogging_d3_uncomp.avi,person20_jogging_d3_s3_jogging_flip.avi,6,304,350,jogging,T
person20_jogging_d4,person20_jogging_d4_uncomp.avi,person20_jogging_d4_s0_jogging_original.avi,0,1,65,jogging,F
person20_jogging_d4,person20_jogging_d4_uncomp.avi,person20_jogging_d4_s0_jogging_flip.avi,0,1,65,jogging,T
person20_jogging_d4,person20_jogging_d4_uncomp.avi,person20_empty_d4_s0_jogging_original.avi,1,66,95,empty,F
person20_jogging_d4,person20_jogging_d4_uncomp.avi,person20_empty_d4_s0_jogging_flip.avi,1,66,95,empty,T
person20_jogging_d4,person20_jogging_d4_uncomp.avi,person20_jogging_d4_s1_jogging_original.avi,2,96,155,jogging,F
person20_jogging_d4,person20_jogging_d4_uncomp.avi,person20_jogging_d4_s1_jogging_flip.avi,2,96,155,jogging,T
person20_jogging_d4,person20_jogging_d4_uncomp.avi,person20_jogging_d4_s2_jogging_original.avi,3,156,225,jogging,F
person20_jogging_d4,person20_jogging_d4_uncomp.avi,person20_jogging_d4_s2_jogging_flip.avi,3,156,225,jogging,T
person20_jogging_d4,person20_jogging_d4_uncomp.avi,person20_empty_d4_s1_jogging_original.avi,4,226,259,empty,F
person20_jogging_d4,person20_jogging_d4_uncomp.avi,person20_empty_d4_s1_jogging_flip.avi,4,226,259,empty,T
person20_jogging_d4,person20_jogging_d4_uncomp.avi,person20_jogging_d4_s3_jogging_original.avi,5,260,320,jogging,F
person20_jogging_d4,person20_jogging_d4_uncomp.avi,person20_jogging_d4_s3_jogging_flip.avi,5,260,320,jogging,T
person20_running_d1,person20_running_d1_uncomp.avi,person20_running_d1_s0_running_original.avi,0,1,30,running,F
person20_running_d1,person20_running_d1_uncomp.avi,person20_running_d1_s0_running_flip.avi,0,1,30,running,T
person20_running_d1,person20_running_d1_uncomp.avi,person20_empty_d1_s0_running_original.avi,1,31,88,empty,F
person20_running_d1,person20_running_d1_uncomp.avi,person20_empty_d1_s0_running_flip.avi,1,31,88,empty,T
person20_running_d1,person20_running_d1_uncomp.avi,person20_running_d1_s1_running_original.avi,2,89,120,running,F
person20_running_d1,person20_running_d1_uncomp.avi,person20_running_d1_s1_running_flip.avi,2,89,120,running,T
person20_running_d1,person20_running_d1_uncomp.avi,person20_empty_d1_s1_running_original.avi,3,121,199,empty,F
person20_running_d1,person20_running_d1_uncomp.avi,person20_empty_d1_s1_running_flip.avi,3,121,199,empty,T
person20_running_d1,person20_running_d1_uncomp.avi,person20_running_d1_s2_running_original.avi,4,200,235,running,F
person20_running_d1,person20_running_d1_uncomp.avi,person20_running_d1_s2_running_flip.avi,4,200,235,running,T
person20_running_d1,person20_running_d1_uncomp.avi,person20_empty_d1_s2_running_original.avi,5,236,297,empty,F
person20_running_d1,person20_running_d1_uncomp.avi,person20_empty_d1_s2_running_flip.avi,5,236,297,empty,T
person20_running_d1,person20_running_d1_uncomp.avi,person20_running_d1_s3_running_original.avi,6,298,330,running,F
person20_running_d1,person20_running_d1_uncomp.avi,person20_running_d1_s3_running_flip.avi,6,298,330,running,T
person20_running_d2,person20_running_d2_uncomp.avi,person20_running_d2_s0_running_original.avi,0,1,50,running,F
person20_running_d2,person20_running_d2_uncomp.avi,person20_running_d2_s0_running_flip.avi,0,1,50,running,T
person20_running_d2,person20_running_d2_uncomp.avi,person20_empty_d2_s0_running_original.avi,1,51,87,empty,F
person20_running_d2,person20_running_d2_uncomp.avi,person20_empty_d2_s0_running_flip.avi,1,51,87,empty,T
person20_running_d2,person20_running_d2_uncomp.avi,person20_running_d2_s1_running_original.avi,2,88,150,running,F
person20_running_d2,person20_running_d2_uncomp.avi,person20_running_d2_s1_running_flip.avi,2,88,150,running,T
person20_running_d2,person20_running_d2_uncomp.avi,person20_empty_d2_s1_running_original.avi,3,151,189,empty,F
person20_running_d2,person20_running_d2_uncomp.avi,person20_empty_d2_s1_running_flip.avi,3,151,189,empty,T
person20_running_d2,person20_running_d2_uncomp.avi,person20_running_d2_s2_running_original.avi,4,190,240,running,F
person20_running_d2,person20_running_d2_uncomp.avi,person20_running_d2_s2_running_flip.avi,4,190,240,running,T
person20_running_d2,person20_running_d2_uncomp.avi,person20_empty_d2_s2_running_original.avi,5,241,279,empty,F
person20_running_d2,person20_running_d2_uncomp.avi,person20_empty_d2_s2_running_flip.avi,5,241,279,empty,T
person20_running_d2,person20_running_d2_uncomp.avi,person20_running_d2_s3_running_original.avi,6,280,345,running,F
person20_running_d2,person20_running_d2_uncomp.avi,person20_running_d2_s3_running_flip.avi,6,280,345,running,T
person20_running_d3,person20_running_d3_uncomp.avi,person20_running_d3_s0_running_original.avi,0,1,35,running,F
person20_running_d3,person20_running_d3_uncomp.avi,person20_running_d3_s0_running_flip.avi,0,1,35,running,T
person20_running_d3,person20_running_d3_uncomp.avi,person20_empty_d3_s0_running_original.avi,1,36,69,empty,F
person20_running_d3,person20_running_d3_uncomp.avi,person20_empty_d3_s0_running_flip.avi,1,36,69,empty,T
person20_running_d3,person20_running_d3_uncomp.avi,person20_running_d3_s1_running_original.avi,2,70,100,running,F
person20_running_d3,person20_running_d3_uncomp.avi,person20_running_d3_s1_running_flip.avi,2,70,100,running,T
person20_running_d3,person20_running_d3_uncomp.avi,person20_empty_d3_s1_running_original.avi,3,101,159,empty,F
person20_running_d3,person20_running_d3_uncomp.avi,person20_empty_d3_s1_running_flip.avi,3,101,159,empty,T
person20_running_d3,person20_running_d3_uncomp.avi,person20_running_d3_s2_running_original.avi,4,160,190,running,F
person20_running_d3,person20_running_d3_uncomp.avi,person20_running_d3_s2_running_flip.avi,4,160,190,running,T
person20_running_d3,person20_running_d3_uncomp.avi,person20_empty_d3_s2_running_original.avi,5,191,234,empty,F
person20_running_d3,person20_running_d3_uncomp.avi,person20_empty_d3_s2_running_flip.avi,5,191,234,empty,T
person20_running_d3,person20_running_d3_uncomp.avi,person20_running_d3_s3_running_original.avi,6,235,270,running,F
person20_running_d3,person20_running_d3_uncomp.avi,person20_running_d3_s3_running_flip.avi,6,235,270,running,T
person20_running_d4,person20_running_d4_uncomp.avi,person20_running_d4_s0_running_original.avi,0,1,40,running,F
person20_running_d4,person20_running_d4_uncomp.avi,person20_running_d4_s0_running_flip.avi,0,1,40,running,T
person20_running_d4,person20_running_d4_uncomp.avi,person20_empty_d4_s0_running_original.avi,1,41,79,empty,F
person20_running_d4,person20_running_d4_uncomp.avi,person20_empty_d4_s0_running_flip.avi,1,41,79,empty,T
person20_running_d4,person20_running_d4_uncomp.avi,person20_running_d4_s1_running_original.avi,2,80,125,running,F
person20_running_d4,person20_running_d4_uncomp.avi,person20_running_d4_s1_running_flip.avi,2,80,125,running,T
person20_running_d4,person20_running_d4_uncomp.avi,person20_empty_d4_s1_running_original.avi,3,126,137,empty,F
person20_running_d4,person20_running_d4_uncomp.avi,person20_empty_d4_s1_running_flip.avi,3,126,137,empty,T
person20_running_d4,person20_running_d4_uncomp.avi,person20_running_d4_s2_running_original.avi,4,138,190,running,F
person20_running_d4,person20_running_d4_uncomp.avi,person20_running_d4_s2_running_flip.avi,4,138,190,running,T
person20_running_d4,person20_running_d4_uncomp.avi,person20_empty_d4_s2_running_original.avi,5,191,219,empty,F
person20_running_d4,person20_running_d4_uncomp.avi,person20_empty_d4_s2_running_flip.avi,5,191,219,empty,T
person20_running_d4,person20_running_d4_uncomp.avi,person20_running_d4_s3_running_original.avi,6,220,265,running,F
person20_running_d4,person20_running_d4_uncomp.avi,person20_running_d4_s3_running_flip.avi,6,220,265,running,T
person20_walking_d1,person20_walking_d1_uncomp.avi,person20_walking_d1_s0_walking_original.avi,0,1,90,walking,F
person20_walking_d1,person20_walking_d1_uncomp.avi,person20_walking_d1_s0_walking_flip.avi,0,1,90,walking,T
person20_walking_d1,person20_walking_d1_uncomp.avi,person20_empty_d1_s0_walking_original.avi,1,91,149,empty,F
person20_walking_d1,person20_walking_d1_uncomp.avi,person20_empty_d1_s0_walking_flip.avi,1,91,149,empty,T
person20_walking_d1,person20_walking_d1_uncomp.avi,person20_walking_d1_s1_walking_original.avi,2,150,258,walking,F
person20_walking_d1,person20_walking_d1_uncomp.avi,person20_walking_d1_s1_walking_flip.avi,2,150,258,walking,T
person20_walking_d1,person20_walking_d1_uncomp.avi,person20_empty_d1_s1_walking_original.avi,3,259,349,empty,F
person20_walking_d1,person20_walking_d1_uncomp.avi,person20_empty_d1_s1_walking_flip.avi,3,259,349,empty,T
person20_walking_d1,person20_walking_d1_uncomp.avi,person20_walking_d1_s2_walking_original.avi,4,350,445,walking,F
person20_walking_d1,person20_walking_d1_uncomp.avi,person20_walking_d1_s2_walking_flip.avi,4,350,445,walking,T
person20_walking_d1,person20_walking_d1_uncomp.avi,person20_empty_d1_s2_walking_original.avi,5,446,539,empty,F
person20_walking_d1,person20_walking_d1_uncomp.avi,person20_empty_d1_s2_walking_flip.avi,5,446,539,empty,T
person20_walking_d1,person20_walking_d1_uncomp.avi,person20_walking_d1_s3_walking_original.avi,6,540,635,walking,F
person20_walking_d1,person20_walking_d1_uncomp.avi,person20_walking_d1_s3_walking_flip.avi,6,540,635,walking,T
person20_walking_d2,person20_walking_d2_uncomp.avi,person20_walking_d2_s0_walking_original.avi,0,1,162,walking,F
person20_walking_d2,person20_walking_d2_uncomp.avi,person20_walking_d2_s0_walking_flip.avi,0,1,162,walking,T
person20_walking_d2,person20_walking_d2_uncomp.avi,person20_empty_d2_s0_walking_original.avi,1,163,294,empty,F
person20_walking_d2,person20_walking_d2_uncomp.avi,person20_empty_d2_s0_walking_flip.avi,1,163,294,empty,T
person20_walking_d2,person20_walking_d2_uncomp.avi,person20_walking_d2_s1_walking_original.avi,2,295,455,walking,F
person20_walking_d2,person20_walking_d2_uncomp.avi,person20_walking_d2_s1_walking_flip.avi,2,295,455,walking,T
person20_walking_d2,person20_walking_d2_uncomp.avi,person20_empty_d2_s1_walking_original.avi,3,456,511,empty,F
person20_walking_d2,person20_walking_d2_uncomp.avi,person20_empty_d2_s1_walking_flip.avi,3,456,511,empty,T
person20_walking_d2,person20_walking_d2_uncomp.avi,person20_walking_d2_s2_walking_original.avi,4,512,655,walking,F
person20_walking_d2,person20_walking_d2_uncomp.avi,person20_walking_d2_s2_walking_flip.avi,4,512,655,walking,T
person20_walking_d2,person20_walking_d2_uncomp.avi,person20_empty_d2_s2_walking_original.avi,5,656,734,empty,F
person20_walking_d2,person20_walking_d2_uncomp.avi,person20_empty_d2_s2_walking_flip.avi,5,656,734,empty,T
person20_walking_d2,person20_walking_d2_uncomp.avi,person20_walking_d2_s3_walking_original.avi,6,735,888,walking,F
person20_walking_d2,person20_walking_d2_uncomp.avi,person20_walking_d2_s3_walking_flip.avi,6,735,888,walking,T
person20_walking_d3,person20_walking_d3_uncomp.avi,person20_walking_d3_s0_walking_original.avi,0,1,80,walking,F
person20_walking_d3,person20_walking_d3_uncomp.avi,person20_walking_d3_s0_walking_flip.avi,0,1,80,walking,T
person20_walking_d3,person20_walking_d3_uncomp.avi,person20_empty_d3_s0_walking_original.avi,1,81,104,empty,F
person20_walking_d3,person20_walking_d3_uncomp.avi,person20_empty_d3_s0_walking_flip.avi,1,81,104,empty,T
person20_walking_d3,person20_walking_d3_uncomp.avi,person20_walking_d3_s1_walking_original.avi,2,105,180,walking,F
person20_walking_d3,person20_walking_d3_uncomp.avi,person20_walking_d3_s1_walking_flip.avi,2,105,180,walking,T
person20_walking_d3,person20_walking_d3_uncomp.avi,person20_empty_d3_s1_walking_original.avi,3,181,294,empty,F
person20_walking_d3,person20_walking_d3_uncomp.avi,person20_empty_d3_s1_walking_flip.avi,3,181,294,empty,T
person20_walking_d3,person20_walking_d3_uncomp.avi,person20_walking_d3_s2_walking_original.avi,4,295,370,walking,F
person20_walking_d3,person20_walking_d3_uncomp.avi,person20_walking_d3_s2_walking_flip.avi,4,295,370,walking,T
person20_walking_d3,person20_walking_d3_uncomp.avi,person20_empty_d3_s2_walking_original.avi,5,371,419,empty,F
person20_walking_d3,person20_walking_d3_uncomp.avi,person20_empty_d3_s2_walking_flip.avi,5,371,419,empty,T
person20_walking_d3,person20_walking_d3_uncomp.avi,person20_walking_d3_s3_walking_original.avi,6,420,495,walking,F
person20_walking_d3,person20_walking_d3_uncomp.avi,person20_walking_d3_s3_walking_flip.avi,6,420,495,walking,T
person20_walking_d4,person20_walking_d4_uncomp.avi,person20_walking_d4_s0_walking_original.avi,0,1,105,walking,F
person20_walking_d4,person20_walking_d4_uncomp.avi,person20_walking_d4_s0_walking_flip.avi,0,1,105,walking,T
person20_walking_d4,person20_walking_d4_uncomp.avi,person20_empty_d4_s0_walking_original.avi,1,106,149,empty,F
person20_walking_d4,person20_walking_d4_uncomp.avi,person20_empty_d4_s0_walking_flip.avi,1,106,149,empty,T
person20_walking_d4,person20_walking_d4_uncomp.avi,person20_walking_d4_s1_walking_original.avi,2,150,245,walking,F
person20_walking_d4,person20_walking_d4_uncomp.avi,person20_walking_d4_s1_walking_flip.avi,2,150,245,walking,T
person20_walking_d4,person20_walking_d4_uncomp.avi,person20_empty_d4_s1_walking_original.avi,3,246,257,empty,F
person20_walking_d4,person20_walking_d4_uncomp.avi,person20_empty_d4_s1_walking_flip.avi,3,246,257,empty,T
person20_walking_d4,person20_walking_d4_uncomp.avi,person20_walking_d4_s2_walking_original.avi,4,258,355,walking,F
person20_walking_d4,person20_walking_d4_uncomp.avi,person20_walking_d4_s2_walking_flip.avi,4,258,355,walking,T
person20_walking_d4,person20_walking_d4_uncomp.avi,person20_empty_d4_s2_walking_original.avi,5,356,364,empty,F
person20_walking_d4,person20_walking_d4_uncomp.avi,person20_empty_d4_s2_walking_flip.avi,5,356,364,empty,T
person20_walking_d4,person20_walking_d4_uncomp.avi,person20_walking_d4_s3_walking_original.avi,6,365,480,walking,F
person20_walking_d4,person20_walking_d4_uncomp.avi,person20_walking_d4_s3_walking_flip.avi,6,365,480,walking,T
person21_boxing_d1,person21_boxing_d1_uncomp.avi,person21_boxing_d1_s0_boxing_original.avi,0,1,75,boxing,F
person21_boxing_d1,person21_boxing_d1_uncomp.avi,person21_boxing_d1_s0_boxing_flip.avi,0,1,75,boxing,T
person21_boxing_d1,person21_boxing_d1_uncomp.avi,person21_boxing_d1_s1_boxing_original.avi,1,76,203,boxing,F
person21_boxing_d1,person21_boxing_d1_uncomp.avi,person21_boxing_d1_s1_boxing_flip.avi,1,76,203,boxing,T
person21_boxing_d1,person21_boxing_d1_uncomp.avi,person21_boxing_d1_s2_boxing_original.avi,2,204,286,boxing,F
person21_boxing_d1,person21_boxing_d1_uncomp.avi,person21_boxing_d1_s2_boxing_flip.avi,2,204,286,boxing,T
person21_boxing_d1,person21_boxing_d1_uncomp.avi,person21_boxing_d1_s3_boxing_original.avi,3,287,365,boxing,F
person21_boxing_d1,person21_boxing_d1_uncomp.avi,person21_boxing_d1_s3_boxing_flip.avi,3,287,365,boxing,T
person21_boxing_d2,person21_boxing_d2_uncomp.avi,person21_boxing_d2_s0_boxing_original.avi,0,1,112,boxing,F
person21_boxing_d2,person21_boxing_d2_uncomp.avi,person21_boxing_d2_s0_boxing_flip.avi,0,1,112,boxing,T
person21_boxing_d2,person21_boxing_d2_uncomp.avi,person21_boxing_d2_s1_boxing_original.avi,1,113,162,boxing,F
person21_boxing_d2,person21_boxing_d2_uncomp.avi,person21_boxing_d2_s1_boxing_flip.avi,1,113,162,boxing,T
person21_boxing_d2,person21_boxing_d2_uncomp.avi,person21_boxing_d2_s2_boxing_original.avi,2,153,254,boxing,F
person21_boxing_d2,person21_boxing_d2_uncomp.avi,person21_boxing_d2_s2_boxing_flip.avi,2,153,254,boxing,T
person21_boxing_d2,person21_boxing_d2_uncomp.avi,person21_boxing_d2_s3_boxing_original.avi,3,255,408,boxing,F
person21_boxing_d2,person21_boxing_d2_uncomp.avi,person21_boxing_d2_s3_boxing_flip.avi,3,255,408,boxing,T
person21_boxing_d3,person21_boxing_d3_uncomp.avi,person21_boxing_d3_s0_boxing_original.avi,0,1,142,boxing,F
person21_boxing_d3,person21_boxing_d3_uncomp.avi,person21_boxing_d3_s0_boxing_flip.avi,0,1,142,boxing,T
person21_boxing_d3,person21_boxing_d3_uncomp.avi,person21_boxing_d3_s1_boxing_original.avi,1,143,242,boxing,F
person21_boxing_d3,person21_boxing_d3_uncomp.avi,person21_boxing_d3_s1_boxing_flip.avi,1,143,242,boxing,T
person21_boxing_d3,person21_boxing_d3_uncomp.avi,person21_empty_d3_s0_boxing_original.avi,2,243,257,empty,F
person21_boxing_d3,person21_boxing_d3_uncomp.avi,person21_empty_d3_s0_boxing_flip.avi,2,243,257,empty,T
person21_boxing_d3,person21_boxing_d3_uncomp.avi,person21_boxing_d3_s2_boxing_original.avi,3,258,346,boxing,F
person21_boxing_d3,person21_boxing_d3_uncomp.avi,person21_boxing_d3_s2_boxing_flip.avi,3,258,346,boxing,T
person21_boxing_d3,person21_boxing_d3_uncomp.avi,person21_boxing_d3_s3_boxing_original.avi,4,347,485,boxing,F
person21_boxing_d3,person21_boxing_d3_uncomp.avi,person21_boxing_d3_s3_boxing_flip.avi,4,347,485,boxing,T
person21_boxing_d4,person21_boxing_d4_uncomp.avi,person21_boxing_d4_s0_boxing_original.avi,0,1,120,boxing,F
person21_boxing_d4,person21_boxing_d4_uncomp.avi,person21_boxing_d4_s0_boxing_flip.avi,0,1,120,boxing,T
person21_boxing_d4,person21_boxing_d4_uncomp.avi,person21_boxing_d4_s1_boxing_original.avi,1,121,245,boxing,F
person21_boxing_d4,person21_boxing_d4_uncomp.avi,person21_boxing_d4_s1_boxing_flip.avi,1,121,245,boxing,T
person21_boxing_d4,person21_boxing_d4_uncomp.avi,person21_boxing_d4_s2_boxing_original.avi,2,246,356,boxing,F
person21_boxing_d4,person21_boxing_d4_uncomp.avi,person21_boxing_d4_s2_boxing_flip.avi,2,246,356,boxing,T
person21_boxing_d4,person21_boxing_d4_uncomp.avi,person21_boxing_d4_s3_boxing_original.avi,3,357,466,boxing,F
person21_boxing_d4,person21_boxing_d4_uncomp.avi,person21_boxing_d4_s3_boxing_flip.avi,3,357,466,boxing,T
person21_handclapping_d1,person21_handclapping_d1_uncomp.avi,person21_handclapping_d1_s0_handclapping_original.avi,0,1,118,handclapping,F
person21_handclapping_d1,person21_handclapping_d1_uncomp.avi,person21_handclapping_d1_s0_handclapping_flip.avi,0,1,118,handclapping,T
person21_handclapping_d1,person21_handclapping_d1_uncomp.avi,person21_handclapping_d1_s1_handclapping_original.avi,1,119,224,handclapping,F
person21_handclapping_d1,person21_handclapping_d1_uncomp.avi,person21_handclapping_d1_s1_handclapping_flip.avi,1,119,224,handclapping,T
person21_handclapping_d1,person21_handclapping_d1_uncomp.avi,person21_handclapping_d1_s2_handclapping_original.avi,2,225,365,handclapping,F
person21_handclapping_d1,person21_handclapping_d1_uncomp.avi,person21_handclapping_d1_s2_handclapping_flip.avi,2,225,365,handclapping,T
person21_handclapping_d1,person21_handclapping_d1_uncomp.avi,person21_handclapping_d1_s3_handclapping_original.avi,3,266,500,handclapping,F
person21_handclapping_d1,person21_handclapping_d1_uncomp.avi,person21_handclapping_d1_s3_handclapping_flip.avi,3,266,500,handclapping,T
person21_handclapping_d2,person21_handclapping_d2_uncomp.avi,person21_handclapping_d2_s0_handclapping_original.avi,0,1,115,handclapping,F
person21_handclapping_d2,person21_handclapping_d2_uncomp.avi,person21_handclapping_d2_s0_handclapping_flip.avi,0,1,115,handclapping,T
person21_handclapping_d2,person21_handclapping_d2_uncomp.avi,person21_handclapping_d2_s1_handclapping_original.avi,1,116,230,handclapping,F
person21_handclapping_d2,person21_handclapping_d2_uncomp.avi,person21_handclapping_d2_s1_handclapping_flip.avi,1,116,230,handclapping,T
person21_handclapping_d2,person21_handclapping_d2_uncomp.avi,person21_handclapping_d2_s2_handclapping_original.avi,2,231,394,handclapping,F
person21_handclapping_d2,person21_handclapping_d2_uncomp.avi,person21_handclapping_d2_s2_handclapping_flip.avi,2,231,394,handclapping,T
person21_handclapping_d2,person21_handclapping_d2_uncomp.avi,person21_handclapping_d2_s3_handclapping_original.avi,3,395,558,handclapping,F
person21_handclapping_d2,person21_handclapping_d2_uncomp.avi,person21_handclapping_d2_s3_handclapping_flip.avi,3,395,558,handclapping,T
person21_handclapping_d3,person21_handclapping_d3_uncomp.avi,person21_handclapping_d3_s0_handclapping_original.avi,0,1,116,handclapping,F
person21_handclapping_d3,person21_handclapping_d3_uncomp.avi,person21_handclapping_d3_s0_handclapping_flip.avi,0,1,116,handclapping,T
person21_handclapping_d3,person21_handclapping_d3_uncomp.avi,person21_handclapping_d3_s1_handclapping_original.avi,1,117,210,handclapping,F
person21_handclapping_d3,person21_handclapping_d3_uncomp.avi,person21_handclapping_d3_s1_handclapping_flip.avi,1,117,210,handclapping,T
person21_handclapping_d3,person21_handclapping_d3_uncomp.avi,person21_handclapping_d3_s2_handclapping_original.avi,2,211,302,handclapping,F
person21_handclapping_d3,person21_handclapping_d3_uncomp.avi,person21_handclapping_d3_s2_handclapping_flip.avi,2,211,302,handclapping,T
person21_handclapping_d3,person21_handclapping_d3_uncomp.avi,person21_handclapping_d3_s3_handclapping_original.avi,3,303,428,handclapping,F
person21_handclapping_d3,person21_handclapping_d3_uncomp.avi,person21_handclapping_d3_s3_handclapping_flip.avi,3,303,428,handclapping,T
person21_handclapping_d4,person21_handclapping_d4_uncomp.avi,person21_handclapping_d4_s0_handclapping_original.avi,0,1,112,handclapping,F
person21_handclapping_d4,person21_handclapping_d4_uncomp.avi,person21_handclapping_d4_s0_handclapping_flip.avi,0,1,112,handclapping,T
person21_handclapping_d4,person21_handclapping_d4_uncomp.avi,person21_empty_d4_s0_handclapping_original.avi,1,113,154,empty,F
person21_handclapping_d4,person21_handclapping_d4_uncomp.avi,person21_empty_d4_s0_handclapping_flip.avi,1,113,154,empty,T
person21_handclapping_d4,person21_handclapping_d4_uncomp.avi,person21_handclapping_d4_s1_handclapping_original.avi,2,155,295,handclapping,F
person21_handclapping_d4,person21_handclapping_d4_uncomp.avi,person21_handclapping_d4_s1_handclapping_flip.avi,2,155,295,handclapping,T
person21_handclapping_d4,person21_handclapping_d4_uncomp.avi,person21_handclapping_d4_s2_handclapping_original.avi,3,296,442,handclapping,F
person21_handclapping_d4,person21_handclapping_d4_uncomp.avi,person21_handclapping_d4_s2_handclapping_flip.avi,3,296,442,handclapping,T
person21_handclapping_d4,person21_handclapping_d4_uncomp.avi,person21_handclapping_d4_s3_handclapping_original.avi,4,443,550,handclapping,F
person21_handclapping_d4,person21_handclapping_d4_uncomp.avi,person21_handclapping_d4_s3_handclapping_flip.avi,4,443,550,handclapping,T
person21_handwaving_d1,person21_handwaving_d1_uncomp.avi,person21_handwaving_d1_s0_handwaving_original.avi,0,1,130,handwaving,F
person21_handwaving_d1,person21_handwaving_d1_uncomp.avi,person21_handwaving_d1_s0_handwaving_flip.avi,0,1,130,handwaving,T
person21_handwaving_d1,person21_handwaving_d1_uncomp.avi,person21_handwaving_d1_s1_handwaving_original.avi,1,131,284,handwaving,F
person21_handwaving_d1,person21_handwaving_d1_uncomp.avi,person21_handwaving_d1_s1_handwaving_flip.avi,1,131,284,handwaving,T
person21_handwaving_d1,person21_handwaving_d1_uncomp.avi,person21_handwaving_d1_s2_handwaving_original.avi,2,285,438,handwaving,F
person21_handwaving_d1,person21_handwaving_d1_uncomp.avi,person21_handwaving_d1_s2_handwaving_flip.avi,2,285,438,handwaving,T
person21_handwaving_d1,person21_handwaving_d1_uncomp.avi,person21_handwaving_d1_s3_handwaving_original.avi,3,439,605,handwaving,F
person21_handwaving_d1,person21_handwaving_d1_uncomp.avi,person21_handwaving_d1_s3_handwaving_flip.avi,3,439,605,handwaving,T
person21_handwaving_d2,person21_handwaving_d2_uncomp.avi,person21_handwaving_d2_s0_handwaving_original.avi,0,1,155,handwaving,F
person21_handwaving_d2,person21_handwaving_d2_uncomp.avi,person21_handwaving_d2_s0_handwaving_flip.avi,0,1,155,handwaving,T
person21_handwaving_d2,person21_handwaving_d2_uncomp.avi,person21_handwaving_d2_s1_handwaving_original.avi,1,156,355,handwaving,F
person21_handwaving_d2,person21_handwaving_d2_uncomp.avi,person21_handwaving_d2_s1_handwaving_flip.avi,1,156,355,handwaving,T
person21_handwaving_d2,person21_handwaving_d2_uncomp.avi,person21_handwaving_d2_s2_handwaving_original.avi,2,356,510,handwaving,F
person21_handwaving_d2,person21_handwaving_d2_uncomp.avi,person21_handwaving_d2_s2_handwaving_flip.avi,2,356,510,handwaving,T
person21_handwaving_d2,person21_handwaving_d2_uncomp.avi,person21_handwaving_d2_s3_handwaving_original.avi,3,511,664,handwaving,F
person21_handwaving_d2,person21_handwaving_d2_uncomp.avi,person21_handwaving_d2_s3_handwaving_flip.avi,3,511,664,handwaving,T
person21_handwaving_d3,person21_handwaving_d3_uncomp.avi,person21_handwaving_d3_s0_handwaving_original.avi,0,1,158,handwaving,F
person21_handwaving_d3,person21_handwaving_d3_uncomp.avi,person21_handwaving_d3_s0_handwaving_flip.avi,0,1,158,handwaving,T
person21_handwaving_d3,person21_handwaving_d3_uncomp.avi,person21_handwaving_d3_s1_handwaving_original.avi,1,159,272,handwaving,F
person21_handwaving_d3,person21_handwaving_d3_uncomp.avi,person21_handwaving_d3_s1_handwaving_flip.avi,1,159,272,handwaving,T
person21_handwaving_d3,person21_handwaving_d3_uncomp.avi,person21_handwaving_d3_s2_handwaving_original.avi,2,273,424,handwaving,F
person21_handwaving_d3,person21_handwaving_d3_uncomp.avi,person21_handwaving_d3_s2_handwaving_flip.avi,2,273,424,handwaving,T
person21_handwaving_d3,person21_handwaving_d3_uncomp.avi,person21_handwaving_d3_s3_handwaving_original.avi,3,425,535,handwaving,F
person21_handwaving_d3,person21_handwaving_d3_uncomp.avi,person21_handwaving_d3_s3_handwaving_flip.avi,3,425,535,handwaving,T
person21_handwaving_d4,person21_handwaving_d4_uncomp.avi,person21_handwaving_d4_s0_handwaving_original.avi,0,1,145,handwaving,F
person21_handwaving_d4,person21_handwaving_d4_uncomp.avi,person21_handwaving_d4_s0_handwaving_flip.avi,0,1,145,handwaving,T
person21_handwaving_d4,person21_handwaving_d4_uncomp.avi,person21_handwaving_d4_s1_handwaving_original.avi,1,146,240,handwaving,F
person21_handwaving_d4,person21_handwaving_d4_uncomp.avi,person21_handwaving_d4_s1_handwaving_flip.avi,1,146,240,handwaving,T
person21_handwaving_d4,person21_handwaving_d4_uncomp.avi,person21_empty_d4_s0_handwaving_original.avi,2,241,329,empty,F
person21_handwaving_d4,person21_handwaving_d4_uncomp.avi,person21_empty_d4_s0_handwaving_flip.avi,2,241,329,empty,T
person21_handwaving_d4,person21_handwaving_d4_uncomp.avi,person21_handwaving_d4_s2_handwaving_original.avi,3,330,464,handwaving,F
person21_handwaving_d4,person21_handwaving_d4_uncomp.avi,person21_handwaving_d4_s2_handwaving_flip.avi,3,330,464,handwaving,T
person21_handwaving_d4,person21_handwaving_d4_uncomp.avi,person21_handwaving_d4_s3_handwaving_original.avi,4,465,638,handwaving,F
person21_handwaving_d4,person21_handwaving_d4_uncomp.avi,person21_handwaving_d4_s3_handwaving_flip.avi,4,465,638,handwaving,T
person21_jogging_d1,person21_jogging_d1_uncomp.avi,person21_jogging_d1_s0_jogging_original.avi,0,1,45,jogging,F
person21_jogging_d1,person21_jogging_d1_uncomp.avi,person21_jogging_d1_s0_jogging_flip.avi,0,1,45,jogging,T
person21_jogging_d1,person21_jogging_d1_uncomp.avi,person21_empty_d1_s0_jogging_original.avi,1,46,174,empty,F
person21_jogging_d1,person21_jogging_d1_uncomp.avi,person21_empty_d1_s0_jogging_flip.avi,1,46,174,empty,T
person21_jogging_d1,person21_jogging_d1_uncomp.avi,person21_jogging_d1_s1_jogging_original.avi,2,175,225,jogging,F
person21_jogging_d1,person21_jogging_d1_uncomp.avi,person21_jogging_d1_s1_jogging_flip.avi,2,175,225,jogging,T
person21_jogging_d1,person21_jogging_d1_uncomp.avi,person21_empty_d1_s1_jogging_original.avi,3,226,354,empty,F
person21_jogging_d1,person21_jogging_d1_uncomp.avi,person21_empty_d1_s1_jogging_flip.avi,3,226,354,empty,T
person21_jogging_d1,person21_jogging_d1_uncomp.avi,person21_jogging_d1_s2_jogging_original.avi,4,355,402,jogging,F
person21_jogging_d1,person21_jogging_d1_uncomp.avi,person21_jogging_d1_s2_jogging_flip.avi,4,355,402,jogging,T
person21_jogging_d1,person21_jogging_d1_uncomp.avi,person21_empty_d1_s2_jogging_original.avi,5,403,533,empty,F
person21_jogging_d1,person21_jogging_d1_uncomp.avi,person21_empty_d1_s2_jogging_flip.avi,5,403,533,empty,T
person21_jogging_d1,person21_jogging_d1_uncomp.avi,person21_jogging_d1_s3_jogging_original.avi,6,534,580,jogging,F
person21_jogging_d1,person21_jogging_d1_uncomp.avi,person21_jogging_d1_s3_jogging_flip.avi,6,534,580,jogging,T
person21_jogging_d2,person21_jogging_d2_uncomp.avi,person21_jogging_d2_s0_jogging_original.avi,0,1,100,jogging,F
person21_jogging_d2,person21_jogging_d2_uncomp.avi,person21_jogging_d2_s0_jogging_flip.avi,0,1,100,jogging,T
person21_jogging_d2,person21_jogging_d2_uncomp.avi,person21_empty_d2_s0_jogging_original.avi,1,101,139,empty,F
person21_jogging_d2,person21_jogging_d2_uncomp.avi,person21_empty_d2_s0_jogging_flip.avi,1,101,139,empty,T
person21_jogging_d2,person21_jogging_d2_uncomp.avi,person21_jogging_d2_s1_jogging_original.avi,2,140,232,jogging,F
person21_jogging_d2,person21_jogging_d2_uncomp.avi,person21_jogging_d2_s1_jogging_flip.avi,2,140,232,jogging,T
person21_jogging_d2,person21_jogging_d2_uncomp.avi,person21_empty_d2_s1_jogging_original.avi,3,233,384,empty,F
person21_jogging_d2,person21_jogging_d2_uncomp.avi,person21_empty_d2_s1_jogging_flip.avi,3,233,384,empty,T
person21_jogging_d2,person21_jogging_d2_uncomp.avi,person21_jogging_d2_s2_jogging_original.avi,4,385,486,jogging,F
person21_jogging_d2,person21_jogging_d2_uncomp.avi,person21_jogging_d2_s2_jogging_flip.avi,4,385,486,jogging,T
person21_jogging_d2,person21_jogging_d2_uncomp.avi,person21_empty_d2_s2_jogging_original.avi,5,487,527,empty,F
person21_jogging_d2,person21_jogging_d2_uncomp.avi,person21_empty_d2_s2_jogging_flip.avi,5,487,527,empty,T
person21_jogging_d2,person21_jogging_d2_uncomp.avi,person21_jogging_d2_s3_jogging_original.avi,6,528,620,jogging,F
person21_jogging_d2,person21_jogging_d2_uncomp.avi,person21_jogging_d2_s3_jogging_flip.avi,6,528,620,jogging,T
person21_jogging_d3,person21_jogging_d3_uncomp.avi,person21_jogging_d3_s0_jogging_original.avi,0,1,45,jogging,F
person21_jogging_d3,person21_jogging_d3_uncomp.avi,person21_jogging_d3_s0_jogging_flip.avi,0,1,45,jogging,T
person21_jogging_d3,person21_jogging_d3_uncomp.avi,person21_empty_d3_s0_jogging_original.avi,1,46,154,empty,F
person21_jogging_d3,person21_jogging_d3_uncomp.avi,person21_empty_d3_s0_jogging_flip.avi,1,46,154,empty,T
person21_jogging_d3,person21_jogging_d3_uncomp.avi,person21_jogging_d3_s1_jogging_original.avi,2,155,200,jogging,F
person21_jogging_d3,person21_jogging_d3_uncomp.avi,person21_jogging_d3_s1_jogging_flip.avi,2,155,200,jogging,T
person21_jogging_d3,person21_jogging_d3_uncomp.avi,person21_empty_d3_s1_jogging_original.avi,3,201,341,empty,F
person21_jogging_d3,person21_jogging_d3_uncomp.avi,person21_empty_d3_s1_jogging_flip.avi,3,201,341,empty,T
person21_jogging_d3,person21_jogging_d3_uncomp.avi,person21_jogging_d3_s2_jogging_original.avi,4,342,385,jogging,F
person21_jogging_d3,person21_jogging_d3_uncomp.avi,person21_jogging_d3_s2_jogging_flip.avi,4,342,385,jogging,T
person21_jogging_d3,person21_jogging_d3_uncomp.avi,person21_empty_d3_s2_jogging_original.avi,5,386,489,empty,F
person21_jogging_d3,person21_jogging_d3_uncomp.avi,person21_empty_d3_s2_jogging_flip.avi,5,386,489,empty,T
person21_jogging_d3,person21_jogging_d3_uncomp.avi,person21_jogging_d3_s3_jogging_original.avi,6,490,535,jogging,F
person21_jogging_d3,person21_jogging_d3_uncomp.avi,person21_jogging_d3_s3_jogging_flip.avi,6,490,535,jogging,T
person21_jogging_d4,person21_jogging_d4_uncomp.avi,person21_jogging_d4_s0_jogging_original.avi,0,1,80,jogging,F
person21_jogging_d4,person21_jogging_d4_uncomp.avi,person21_jogging_d4_s0_jogging_flip.avi,0,1,80,jogging,T
person21_jogging_d4,person21_jogging_d4_uncomp.avi,person21_empty_d4_s0_jogging_original.avi,1,81,159,empty,F
person21_jogging_d4,person21_jogging_d4_uncomp.avi,person21_empty_d4_s0_jogging_flip.avi,1,81,159,empty,T
person21_jogging_d4,person21_jogging_d4_uncomp.avi,person21_jogging_d4_s1_jogging_original.avi,2,160,224,jogging,F
person21_jogging_d4,person21_jogging_d4_uncomp.avi,person21_jogging_d4_s1_jogging_flip.avi,2,160,224,jogging,T
person21_jogging_d4,person21_jogging_d4_uncomp.avi,person21_empty_d4_s1_jogging_original.avi,3,225,244,empty,F
person21_jogging_d4,person21_jogging_d4_uncomp.avi,person21_empty_d4_s1_jogging_flip.avi,3,225,244,empty,T
person21_jogging_d4,person21_jogging_d4_uncomp.avi,person21_jogging_d4_s2_jogging_original.avi,4,245,305,jogging,F
person21_jogging_d4,person21_jogging_d4_uncomp.avi,person21_jogging_d4_s2_jogging_flip.avi,4,245,305,jogging,T
person21_jogging_d4,person21_jogging_d4_uncomp.avi,person21_empty_d4_s2_jogging_original.avi,5,306,381,empty,F
person21_jogging_d4,person21_jogging_d4_uncomp.avi,person21_empty_d4_s2_jogging_flip.avi,5,306,381,empty,T
person21_jogging_d4,person21_jogging_d4_uncomp.avi,person21_jogging_d4_s3_jogging_original.avi,6,382,450,jogging,F
person21_jogging_d4,person21_jogging_d4_uncomp.avi,person21_jogging_d4_s3_jogging_flip.avi,6,382,450,jogging,T
person21_running_d1,person21_running_d1_uncomp.avi,person21_running_d1_s0_running_original.avi,0,1,32,running,F
person21_running_d1,person21_running_d1_uncomp.avi,person21_running_d1_s0_running_flip.avi,0,1,32,running,T
person21_running_d1,person21_running_d1_uncomp.avi,person21_empty_d1_s0_running_original.avi,1,33,114,empty,F
person21_running_d1,person21_running_d1_uncomp.avi,person21_empty_d1_s0_running_flip.avi,1,33,114,empty,T
person21_running_d1,person21_running_d1_uncomp.avi,person21_running_d1_s1_running_original.avi,2,115,155,running,F
person21_running_d1,person21_running_d1_uncomp.avi,person21_running_d1_s1_running_flip.avi,2,115,155,running,T
person21_running_d1,person21_running_d1_uncomp.avi,person21_empty_d1_s1_running_original.avi,3,156,261,empty,F
person21_running_d1,person21_running_d1_uncomp.avi,person21_empty_d1_s1_running_flip.avi,3,156,261,empty,T
person21_running_d1,person21_running_d1_uncomp.avi,person21_running_d1_s2_running_original.avi,4,262,300,running,F
person21_running_d1,person21_running_d1_uncomp.avi,person21_running_d1_s2_running_flip.avi,4,262,300,running,T
person21_running_d1,person21_running_d1_uncomp.avi,person21_empty_d1_s2_running_original.avi,5,301,391,empty,F
person21_running_d1,person21_running_d1_uncomp.avi,person21_empty_d1_s2_running_flip.avi,5,301,391,empty,T
person21_running_d1,person21_running_d1_uncomp.avi,person21_running_d1_s3_running_original.avi,6,392,430,running,F
person21_running_d1,person21_running_d1_uncomp.avi,person21_running_d1_s3_running_flip.avi,6,392,430,running,T
person21_running_d2,person21_running_d2_uncomp.avi,person21_running_d2_s0_running_original.avi,0,1,70,running,F
person21_running_d2,person21_running_d2_uncomp.avi,person21_running_d2_s0_running_flip.avi,0,1,70,running,T
person21_running_d2,person21_running_d2_uncomp.avi,person21_empty_d2_s0_running_original.avi,1,71,111,empty,F
person21_running_d2,person21_running_d2_uncomp.avi,person21_empty_d2_s0_running_flip.avi,1,71,111,empty,T
person21_running_d2,person21_running_d2_uncomp.avi,person21_running_d2_s1_running_original.avi,2,112,190,running,F
person21_running_d2,person21_running_d2_uncomp.avi,person21_running_d2_s1_running_flip.avi,2,112,190,running,T
person21_running_d2,person21_running_d2_uncomp.avi,person21_empty_d2_s1_running_original.avi,3,191,324,empty,F
person21_running_d2,person21_running_d2_uncomp.avi,person21_empty_d2_s1_running_flip.avi,3,191,324,empty,T
person21_running_d2,person21_running_d2_uncomp.avi,person21_running_d2_s2_running_original.avi,4,325,400,running,F
person21_running_d2,person21_running_d2_uncomp.avi,person21_running_d2_s2_running_flip.avi,4,325,400,running,T
person21_running_d2,person21_running_d2_uncomp.avi,person21_empty_d2_s2_running_original.avi,5,401,435,empty,F
person21_running_d2,person21_running_d2_uncomp.avi,person21_empty_d2_s2_running_flip.avi,5,401,435,empty,T
person21_running_d2,person21_running_d2_uncomp.avi,person21_running_d2_s3_running_original.avi,6,436,510,running,F
person21_running_d2,person21_running_d2_uncomp.avi,person21_running_d2_s3_running_flip.avi,6,436,510,running,T
person21_running_d3,person21_running_d3_uncomp.avi,person21_running_d3_s0_running_original.avi,0,1,32,running,F
person21_running_d3,person21_running_d3_uncomp.avi,person21_running_d3_s0_running_flip.avi,0,1,32,running,T
person21_running_d3,person21_running_d3_uncomp.avi,person21_empty_d3_s0_running_original.avi,1,33,114,empty,F
person21_running_d3,person21_running_d3_uncomp.avi,person21_empty_d3_s0_running_flip.avi,1,33,114,empty,T
person21_running_d3,person21_running_d3_uncomp.avi,person21_running_d3_s1_running_original.avi,2,115,150,running,F
person21_running_d3,person21_running_d3_uncomp.avi,person21_running_d3_s1_running_flip.avi,2,115,150,running,T
person21_running_d3,person21_running_d3_uncomp.avi,person21_empty_d3_s1_running_original.avi,3,151,274,empty,F
person21_running_d3,person21_running_d3_uncomp.avi,person21_empty_d3_s1_running_flip.avi,3,151,274,empty,T
person21_running_d3,person21_running_d3_uncomp.avi,person21_running_d3_s2_running_original.avi,4,275,310,running,F
person21_running_d3,person21_running_d3_uncomp.avi,person21_running_d3_s2_running_flip.avi,4,275,310,running,T
person21_running_d3,person21_running_d3_uncomp.avi,person21_empty_d3_s2_running_original.avi,5,311,389,empty,F
person21_running_d3,person21_running_d3_uncomp.avi,person21_empty_d3_s2_running_flip.avi,5,311,389,empty,T
person21_running_d3,person21_running_d3_uncomp.avi,person21_running_d3_s3_running_original.avi,6,390,430,running,F
person21_running_d3,person21_running_d3_uncomp.avi,person21_running_d3_s3_running_flip.avi,6,390,430,running,T
person21_running_d4,person21_running_d4_uncomp.avi,person21_running_d4_s0_running_original.avi,0,1,52,running,F
person21_running_d4,person21_running_d4_uncomp.avi,person21_running_d4_s0_running_flip.avi,0,1,52,running,T
person21_running_d4,person21_running_d4_uncomp.avi,person21_empty_d4_s0_running_original.avi,1,53,109,empty,F
person21_running_d4,person21_running_d4_uncomp.avi,person21_empty_d4_s0_running_flip.avi,1,53,109,empty,T
person21_running_d4,person21_running_d4_uncomp.avi,person21_running_d4_s1_running_original.avi,2,110,158,running,F
person21_running_d4,person21_running_d4_uncomp.avi,person21_running_d4_s1_running_flip.avi,2,110,158,running,T
person21_running_d4,person21_running_d4_uncomp.avi,person21_empty_d4_s1_running_original.avi,3,159,177,empty,F
person21_running_d4,person21_running_d4_uncomp.avi,person21_empty_d4_s1_running_flip.avi,3,159,177,empty,T
person21_running_d4,person21_running_d4_uncomp.avi,person21_running_d4_s2_running_original.avi,4,178,230,running,F
person21_running_d4,person21_running_d4_uncomp.avi,person21_running_d4_s2_running_flip.avi,4,178,230,running,T
person21_running_d4,person21_running_d4_uncomp.avi,person21_empty_d4_s2_running_original.avi,5,231,284,empty,F
person21_running_d4,person21_running_d4_uncomp.avi,person21_empty_d4_s2_running_flip.avi,5,231,284,empty,T
person21_running_d4,person21_running_d4_uncomp.avi,person21_running_d4_s3_running_original.avi,6,285,330,running,F
person21_running_d4,person21_running_d4_uncomp.avi,person21_running_d4_s3_running_flip.avi,6,285,330,running,T
person21_walking_d1,person21_walking_d1_uncomp.avi,person21_walking_d1_s0_walking_original.avi,0,1,82,walking,F
person21_walking_d1,person21_walking_d1_uncomp.avi,person21_walking_d1_s0_walking_flip.avi,0,1,82,walking,T
person21_walking_d1,person21_walking_d1_uncomp.avi,person21_empty_d1_s0_walking_original.avi,1,83,187,empty,F
person21_walking_d1,person21_walking_d1_uncomp.avi,person21_empty_d1_s0_walking_flip.avi,1,83,187,empty,T
person21_walking_d1,person21_walking_d1_uncomp.avi,person21_walking_d1_s1_walking_original.avi,2,188,270,walking,F
person21_walking_d1,person21_walking_d1_uncomp.avi,person21_walking_d1_s1_walking_flip.avi,2,188,270,walking,T
person21_walking_d1,person21_walking_d1_uncomp.avi,person21_empty_d1_s1_walking_original.avi,3,271,435,empty,F
person21_walking_d1,person21_walking_d1_uncomp.avi,person21_empty_d1_s1_walking_flip.avi,3,271,435,empty,T
person21_walking_d1,person21_walking_d1_uncomp.avi,person21_walking_d1_s2_walking_original.avi,4,436,514,walking,F
person21_walking_d1,person21_walking_d1_uncomp.avi,person21_walking_d1_s2_walking_flip.avi,4,436,514,walking,T
person21_walking_d1,person21_walking_d1_uncomp.avi,person21_empty_d1_s2_walking_original.avi,5,515,647,empty,F
person21_walking_d1,person21_walking_d1_uncomp.avi,person21_empty_d1_s2_walking_flip.avi,5,515,647,empty,T
person21_walking_d1,person21_walking_d1_uncomp.avi,person21_walking_d1_s3_walking_original.avi,6,648,740,walking,F
person21_walking_d1,person21_walking_d1_uncomp.avi,person21_walking_d1_s3_walking_flip.avi,6,648,740,walking,T
person21_walking_d2,person21_walking_d2_uncomp.avi,person21_walking_d2_s0_walking_original.avi,0,1,132,walking,F
person21_walking_d2,person21_walking_d2_uncomp.avi,person21_walking_d2_s0_walking_flip.avi,0,1,132,walking,T
person21_walking_d2,person21_walking_d2_uncomp.avi,person21_empty_d2_s0_walking_original.avi,1,133,194,empty,F
person21_walking_d2,person21_walking_d2_uncomp.avi,person21_empty_d2_s0_walking_flip.avi,1,133,194,empty,T
person21_walking_d2,person21_walking_d2_uncomp.avi,person21_walking_d2_s1_walking_original.avi,2,195,350,walking,F
person21_walking_d2,person21_walking_d2_uncomp.avi,person21_walking_d2_s1_walking_flip.avi,2,195,350,walking,T
person21_walking_d2,person21_walking_d2_uncomp.avi,person21_empty_d2_s1_walking_original.avi,3,351,549,empty,F
person21_walking_d2,person21_walking_d2_uncomp.avi,person21_empty_d2_s1_walking_flip.avi,3,351,549,empty,T
person21_walking_d2,person21_walking_d2_uncomp.avi,person21_walking_d2_s2_walking_original.avi,4,550,725,walking,F
person21_walking_d2,person21_walking_d2_uncomp.avi,person21_walking_d2_s2_walking_flip.avi,4,550,725,walking,T
person21_walking_d2,person21_walking_d2_uncomp.avi,person21_empty_d2_s2_walking_original.avi,5,726,767,empty,F
person21_walking_d2,person21_walking_d2_uncomp.avi,person21_empty_d2_s2_walking_flip.avi,5,726,767,empty,T
person21_walking_d2,person21_walking_d2_uncomp.avi,person21_walking_d2_s3_walking_original.avi,6,768,930,walking,F
person21_walking_d2,person21_walking_d2_uncomp.avi,person21_walking_d2_s3_walking_flip.avi,6,768,930,walking,T
person21_walking_d3,person21_walking_d3_uncomp.avi,person21_walking_d3_s0_walking_original.avi,0,1,70,walking,F
person21_walking_d3,person21_walking_d3_uncomp.avi,person21_walking_d3_s0_walking_flip.avi,0,1,70,walking,T
person21_walking_d3,person21_walking_d3_uncomp.avi,person21_empty_d3_s0_walking_original.avi,1,71,194,empty,F
person21_walking_d3,person21_walking_d3_uncomp.avi,person21_empty_d3_s0_walking_flip.avi,1,71,194,empty,T
person21_walking_d3,person21_walking_d3_uncomp.avi,person21_walking_d3_s1_walking_original.avi,2,195,260,walking,F
person21_walking_d3,person21_walking_d3_uncomp.avi,person21_walking_d3_s1_walking_flip.avi,2,195,260,walking,T
person21_walking_d3,person21_walking_d3_uncomp.avi,person21_empty_d3_s1_walking_original.avi,3,261,505,empty,F
person21_walking_d3,person21_walking_d3_uncomp.avi,person21_empty_d3_s1_walking_flip.avi,3,261,505,empty,T
person21_walking_d3,person21_walking_d3_uncomp.avi,person21_walking_d3_s2_walking_original.avi,4,506,575,walking,F
person21_walking_d3,person21_walking_d3_uncomp.avi,person21_walking_d3_s2_walking_flip.avi,4,506,575,walking,T
person21_walking_d3,person21_walking_d3_uncomp.avi,person21_empty_d3_s2_walking_original.avi,5,576,699,empty,F
person21_walking_d3,person21_walking_d3_uncomp.avi,person21_empty_d3_s2_walking_flip.avi,5,576,699,empty,T
person21_walking_d3,person21_walking_d3_uncomp.avi,person21_walking_d3_s3_walking_original.avi,6,700,775,walking,F
person21_walking_d3,person21_walking_d3_uncomp.avi,person21_walking_d3_s3_walking_flip.avi,6,700,775,walking,T
person21_walking_d4,person21_walking_d4_uncomp.avi,person21_walking_d4_s0_walking_original.avi,0,1,130,walking,F
person21_walking_d4,person21_walking_d4_uncomp.avi,person21_walking_d4_s0_walking_flip.avi,0,1,130,walking,T
person21_walking_d4,person21_walking_d4_uncomp.avi,person21_empty_d4_s0_walking_original.avi,1,131,171,empty,F
person21_walking_d4,person21_walking_d4_uncomp.avi,person21_empty_d4_s0_walking_flip.avi,1,131,171,empty,T
person21_walking_d4,person21_walking_d4_uncomp.avi,person21_walking_d4_s1_walking_original.avi,2,172,288,walking,F
person21_walking_d4,person21_walking_d4_uncomp.avi,person21_walking_d4_s1_walking_flip.avi,2,172,288,walking,T
person21_walking_d4,person21_walking_d4_uncomp.avi,person21_empty_d4_s1_walking_original.avi,3,289,297,empty,F
person21_walking_d4,person21_walking_d4_uncomp.avi,person21_empty_d4_s1_walking_flip.avi,3,289,297,empty,T
person21_walking_d4,person21_walking_d4_uncomp.avi,person21_walking_d4_s2_walking_original.avi,4,298,400,walking,F
person21_walking_d4,person21_walking_d4_uncomp.avi,person21_walking_d4_s2_walking_flip.avi,4,298,400,walking,T
person21_walking_d4,person21_walking_d4_uncomp.avi,person21_empty_d4_s2_walking_original.avi,5,401,489,empty,F
person21_walking_d4,person21_walking_d4_uncomp.avi,person21_empty_d4_s2_walking_flip.avi,5,401,489,empty,T
person21_walking_d4,person21_walking_d4_uncomp.avi,person21_walking_d4_s3_walking_original.avi,6,490,612,walking,F
person21_walking_d4,person21_walking_d4_uncomp.avi,person21_walking_d4_s3_walking_flip.avi,6,490,612,walking,T
person22_boxing_d1,person22_boxing_d1_uncomp.avi,person22_boxing_d1_s0_boxing_original.avi,0,1,92,boxing,F
person22_boxing_d1,person22_boxing_d1_uncomp.avi,person22_boxing_d1_s0_boxing_flip.avi,0,1,92,boxing,T
person22_boxing_d1,person22_boxing_d1_uncomp.avi,person22_empty_d1_s0_boxing_original.avi,1,93,103,empty,F
person22_boxing_d1,person22_boxing_d1_uncomp.avi,person22_empty_d1_s0_boxing_flip.avi,1,93,103,empty,T
person22_boxing_d1,person22_boxing_d1_uncomp.avi,person22_boxing_d1_s1_boxing_original.avi,2,104,208,boxing,F
person22_boxing_d1,person22_boxing_d1_uncomp.avi,person22_boxing_d1_s1_boxing_flip.avi,2,104,208,boxing,T
person22_boxing_d1,person22_boxing_d1_uncomp.avi,person22_empty_d1_s1_boxing_original.avi,3,209,221,empty,F
person22_boxing_d1,person22_boxing_d1_uncomp.avi,person22_empty_d1_s1_boxing_flip.avi,3,209,221,empty,T
person22_boxing_d1,person22_boxing_d1_uncomp.avi,person22_boxing_d1_s2_boxing_original.avi,4,222,302,boxing,F
person22_boxing_d1,person22_boxing_d1_uncomp.avi,person22_boxing_d1_s2_boxing_flip.avi,4,222,302,boxing,T
person22_boxing_d2,person22_boxing_d2_uncomp.avi,person22_boxing_d2_s0_boxing_original.avi,0,1,74,boxing,F
person22_boxing_d2,person22_boxing_d2_uncomp.avi,person22_boxing_d2_s0_boxing_flip.avi,0,1,74,boxing,T
person22_boxing_d2,person22_boxing_d2_uncomp.avi,person22_empty_d2_s0_boxing_original.avi,1,75,147,empty,F
person22_boxing_d2,person22_boxing_d2_uncomp.avi,person22_empty_d2_s0_boxing_flip.avi,1,75,147,empty,T
person22_boxing_d2,person22_boxing_d2_uncomp.avi,person22_boxing_d2_s1_boxing_original.avi,2,148,248,boxing,F
person22_boxing_d2,person22_boxing_d2_uncomp.avi,person22_boxing_d2_s1_boxing_flip.avi,2,148,248,boxing,T
person22_boxing_d2,person22_boxing_d2_uncomp.avi,person22_empty_d2_s1_boxing_original.avi,3,249,261,empty,F
person22_boxing_d2,person22_boxing_d2_uncomp.avi,person22_empty_d2_s1_boxing_flip.avi,3,249,261,empty,T
person22_boxing_d2,person22_boxing_d2_uncomp.avi,person22_boxing_d2_s2_boxing_original.avi,4,262,320,boxing,F
person22_boxing_d2,person22_boxing_d2_uncomp.avi,person22_boxing_d2_s2_boxing_flip.avi,4,262,320,boxing,T
person22_boxing_d2,person22_boxing_d2_uncomp.avi,person22_empty_d2_s2_boxing_original.avi,5,321,336,empty,F
person22_boxing_d2,person22_boxing_d2_uncomp.avi,person22_empty_d2_s2_boxing_flip.avi,5,321,336,empty,T
person22_boxing_d2,person22_boxing_d2_uncomp.avi,person22_boxing_d2_s3_boxing_original.avi,6,337,417,boxing,F
person22_boxing_d2,person22_boxing_d2_uncomp.avi,person22_boxing_d2_s3_boxing_flip.avi,6,337,417,boxing,T
person22_boxing_d3,person22_boxing_d3_uncomp.avi,person22_boxing_d3_s0_boxing_original.avi,0,1,99,boxing,F
person22_boxing_d3,person22_boxing_d3_uncomp.avi,person22_boxing_d3_s0_boxing_flip.avi,0,1,99,boxing,T
person22_boxing_d3,person22_boxing_d3_uncomp.avi,person22_empty_d3_s0_boxing_original.avi,1,100,124,empty,F
person22_boxing_d3,person22_boxing_d3_uncomp.avi,person22_empty_d3_s0_boxing_flip.avi,1,100,124,empty,T
person22_boxing_d3,person22_boxing_d3_uncomp.avi,person22_boxing_d3_s1_boxing_original.avi,2,125,226,boxing,F
person22_boxing_d3,person22_boxing_d3_uncomp.avi,person22_boxing_d3_s1_boxing_flip.avi,2,125,226,boxing,T
person22_boxing_d3,person22_boxing_d3_uncomp.avi,person22_boxing_d3_s2_boxing_original.avi,3,227,340,boxing,F
person22_boxing_d3,person22_boxing_d3_uncomp.avi,person22_boxing_d3_s2_boxing_flip.avi,3,227,340,boxing,T
person22_boxing_d3,person22_boxing_d3_uncomp.avi,person22_empty_d3_s1_boxing_original.avi,4,341,362,empty,F
person22_boxing_d3,person22_boxing_d3_uncomp.avi,person22_empty_d3_s1_boxing_flip.avi,4,341,362,empty,T
person22_boxing_d3,person22_boxing_d3_uncomp.avi,person22_boxing_d3_s3_boxing_original.avi,5,363,428,boxing,F
person22_boxing_d3,person22_boxing_d3_uncomp.avi,person22_boxing_d3_s3_boxing_flip.avi,5,363,428,boxing,T
person22_boxing_d4,person22_boxing_d4_uncomp.avi,person22_boxing_d4_s0_boxing_original.avi,0,1,80,boxing,F
person22_boxing_d4,person22_boxing_d4_uncomp.avi,person22_boxing_d4_s0_boxing_flip.avi,0,1,80,boxing,T
person22_boxing_d4,person22_boxing_d4_uncomp.avi,person22_empty_d4_s0_boxing_original.avi,1,81,103,empty,F
person22_boxing_d4,person22_boxing_d4_uncomp.avi,person22_empty_d4_s0_boxing_flip.avi,1,81,103,empty,T
person22_boxing_d4,person22_boxing_d4_uncomp.avi,person22_boxing_d4_s1_boxing_original.avi,2,104,184,boxing,F
person22_boxing_d4,person22_boxing_d4_uncomp.avi,person22_boxing_d4_s1_boxing_flip.avi,2,104,184,boxing,T
person22_boxing_d4,person22_boxing_d4_uncomp.avi,person22_empty_d4_s1_boxing_original.avi,3,185,207,empty,F
person22_boxing_d4,person22_boxing_d4_uncomp.avi,person22_empty_d4_s1_boxing_flip.avi,3,185,207,empty,T
person22_boxing_d4,person22_boxing_d4_uncomp.avi,person22_boxing_d4_s2_boxing_original.avi,4,208,300,boxing,F
person22_boxing_d4,person22_boxing_d4_uncomp.avi,person22_boxing_d4_s2_boxing_flip.avi,4,208,300,boxing,T
person22_boxing_d4,person22_boxing_d4_uncomp.avi,person22_empty_d4_s2_boxing_original.avi,5,301,313,empty,F
person22_boxing_d4,person22_boxing_d4_uncomp.avi,person22_empty_d4_s2_boxing_flip.avi,5,301,313,empty,T
person22_boxing_d4,person22_boxing_d4_uncomp.avi,person22_boxing_d4_s3_boxing_original.avi,6,314,435,boxing,F
person22_boxing_d4,person22_boxing_d4_uncomp.avi,person22_boxing_d4_s3_boxing_flip.avi,6,314,435,boxing,T
person22_handclapping_d1,person22_handclapping_d1_uncomp.avi,person22_handclapping_d1_s0_handclapping_original.avi,0,1,102,handclapping,F
person22_handclapping_d1,person22_handclapping_d1_uncomp.avi,person22_handclapping_d1_s0_handclapping_flip.avi,0,1,102,handclapping,T
person22_handclapping_d1,person22_handclapping_d1_uncomp.avi,person22_handclapping_d1_s1_handclapping_original.avi,1,103,178,handclapping,F
person22_handclapping_d1,person22_handclapping_d1_uncomp.avi,person22_handclapping_d1_s1_handclapping_flip.avi,1,103,178,handclapping,T
person22_handclapping_d1,person22_handclapping_d1_uncomp.avi,person22_handclapping_d1_s2_handclapping_original.avi,2,179,250,handclapping,F
person22_handclapping_d1,person22_handclapping_d1_uncomp.avi,person22_handclapping_d1_s2_handclapping_flip.avi,2,179,250,handclapping,T
person22_handclapping_d1,person22_handclapping_d1_uncomp.avi,person22_handclapping_d1_s3_handclapping_original.avi,3,251,344,handclapping,F
person22_handclapping_d1,person22_handclapping_d1_uncomp.avi,person22_handclapping_d1_s3_handclapping_flip.avi,3,251,344,handclapping,T
person22_handclapping_d2,person22_handclapping_d2_uncomp.avi,person22_handclapping_d2_s0_handclapping_original.avi,0,1,115,handclapping,F
person22_handclapping_d2,person22_handclapping_d2_uncomp.avi,person22_handclapping_d2_s0_handclapping_flip.avi,0,1,115,handclapping,T
person22_handclapping_d2,person22_handclapping_d2_uncomp.avi,person22_handclapping_d2_s1_handclapping_original.avi,1,116,228,handclapping,F
person22_handclapping_d2,person22_handclapping_d2_uncomp.avi,person22_handclapping_d2_s1_handclapping_flip.avi,1,116,228,handclapping,T
person22_handclapping_d2,person22_handclapping_d2_uncomp.avi,person22_handclapping_d2_s2_handclapping_original.avi,2,229,338,handclapping,F
person22_handclapping_d2,person22_handclapping_d2_uncomp.avi,person22_handclapping_d2_s2_handclapping_flip.avi,2,229,338,handclapping,T
person22_handclapping_d2,person22_handclapping_d2_uncomp.avi,person22_handclapping_d2_s3_handclapping_original.avi,3,339,471,handclapping,F
person22_handclapping_d2,person22_handclapping_d2_uncomp.avi,person22_handclapping_d2_s3_handclapping_flip.avi,3,339,471,handclapping,T
person22_handclapping_d3,person22_handclapping_d3_uncomp.avi,person22_handclapping_d3_s0_handclapping_original.avi,0,1,90,handclapping,F
person22_handclapping_d3,person22_handclapping_d3_uncomp.avi,person22_handclapping_d3_s0_handclapping_flip.avi,0,1,90,handclapping,T
person22_handclapping_d3,person22_handclapping_d3_uncomp.avi,person22_handclapping_d3_s1_handclapping_original.avi,1,91,180,handclapping,F
person22_handclapping_d3,person22_handclapping_d3_uncomp.avi,person22_handclapping_d3_s1_handclapping_flip.avi,1,91,180,handclapping,T
person22_handclapping_d3,person22_handclapping_d3_uncomp.avi,person22_handclapping_d3_s2_handclapping_original.avi,2,181,300,handclapping,F
person22_handclapping_d3,person22_handclapping_d3_uncomp.avi,person22_handclapping_d3_s2_handclapping_flip.avi,2,181,300,handclapping,T
person22_handclapping_d3,person22_handclapping_d3_uncomp.avi,person22_handclapping_d3_s3_handclapping_original.avi,3,301,422,handclapping,F
person22_handclapping_d3,person22_handclapping_d3_uncomp.avi,person22_handclapping_d3_s3_handclapping_flip.avi,3,301,422,handclapping,T
person22_handclapping_d4,person22_handclapping_d4_uncomp.avi,person22_handclapping_d4_s0_handclapping_original.avi,0,1,122,handclapping,F
person22_handclapping_d4,person22_handclapping_d4_uncomp.avi,person22_handclapping_d4_s0_handclapping_flip.avi,0,1,122,handclapping,T
person22_handclapping_d4,person22_handclapping_d4_uncomp.avi,person22_handclapping_d4_s1_handclapping_original.avi,1,123,224,handclapping,F
person22_handclapping_d4,person22_handclapping_d4_uncomp.avi,person22_handclapping_d4_s1_handclapping_flip.avi,1,123,224,handclapping,T
person22_handclapping_d4,person22_handclapping_d4_uncomp.avi,person22_handclapping_d4_s2_handclapping_original.avi,2,225,346,handclapping,F
person22_handclapping_d4,person22_handclapping_d4_uncomp.avi,person22_handclapping_d4_s2_handclapping_flip.avi,2,225,346,handclapping,T
person22_handclapping_d4,person22_handclapping_d4_uncomp.avi,person22_handclapping_d4_s3_handclapping_original.avi,3,347,440,handclapping,F
person22_handclapping_d4,person22_handclapping_d4_uncomp.avi,person22_handclapping_d4_s3_handclapping_flip.avi,3,347,440,handclapping,T
person22_handwaving_d1,person22_handwaving_d1_uncomp.avi,person22_handwaving_d1_s0_handwaving_original.avi,0,1,128,handwaving,F
person22_handwaving_d1,person22_handwaving_d1_uncomp.avi,person22_handwaving_d1_s0_handwaving_flip.avi,0,1,128,handwaving,T
person22_handwaving_d1,person22_handwaving_d1_uncomp.avi,person22_handwaving_d1_s1_handwaving_original.avi,1,129,258,handwaving,F
person22_handwaving_d1,person22_handwaving_d1_uncomp.avi,person22_handwaving_d1_s1_handwaving_flip.avi,1,129,258,handwaving,T
person22_handwaving_d1,person22_handwaving_d1_uncomp.avi,person22_handwaving_d1_s2_handwaving_original.avi,2,259,440,handwaving,F
person22_handwaving_d1,person22_handwaving_d1_uncomp.avi,person22_handwaving_d1_s2_handwaving_flip.avi,2,259,440,handwaving,T
person22_handwaving_d1,person22_handwaving_d1_uncomp.avi,person22_handwaving_d1_s3_handwaving_original.avi,3,441,525,handwaving,F
person22_handwaving_d1,person22_handwaving_d1_uncomp.avi,person22_handwaving_d1_s3_handwaving_flip.avi,3,441,525,handwaving,T
person22_handwaving_d2,person22_handwaving_d2_uncomp.avi,person22_handwaving_d2_s0_handwaving_original.avi,0,1,175,handwaving,F
person22_handwaving_d2,person22_handwaving_d2_uncomp.avi,person22_handwaving_d2_s0_handwaving_flip.avi,0,1,175,handwaving,T
person22_handwaving_d2,person22_handwaving_d2_uncomp.avi,person22_handwaving_d2_s1_handwaving_original.avi,1,176,260,handwaving,F
person22_handwaving_d2,person22_handwaving_d2_uncomp.avi,person22_handwaving_d2_s1_handwaving_flip.avi,1,176,260,handwaving,T
person22_handwaving_d2,person22_handwaving_d2_uncomp.avi,person22_handwaving_d2_s2_handwaving_original.avi,2,261,392,handwaving,F
person22_handwaving_d2,person22_handwaving_d2_uncomp.avi,person22_handwaving_d2_s2_handwaving_flip.avi,2,261,392,handwaving,T
person22_handwaving_d2,person22_handwaving_d2_uncomp.avi,person22_handwaving_d2_s3_handwaving_original.avi,3,393,528,handwaving,F
person22_handwaving_d2,person22_handwaving_d2_uncomp.avi,person22_handwaving_d2_s3_handwaving_flip.avi,3,393,528,handwaving,T
person22_handwaving_d3,person22_handwaving_d3_uncomp.avi,person22_handwaving_d3_s0_handwaving_original.avi,0,1,88,handwaving,F
person22_handwaving_d3,person22_handwaving_d3_uncomp.avi,person22_handwaving_d3_s0_handwaving_flip.avi,0,1,88,handwaving,T
person22_handwaving_d3,person22_handwaving_d3_uncomp.avi,person22_handwaving_d3_s1_handwaving_original.avi,1,89,176,handwaving,F
person22_handwaving_d3,person22_handwaving_d3_uncomp.avi,person22_handwaving_d3_s1_handwaving_flip.avi,1,89,176,handwaving,T
person22_handwaving_d3,person22_handwaving_d3_uncomp.avi,person22_empty_d3_s0_handwaving_original.avi,2,177,223,empty,F
person22_handwaving_d3,person22_handwaving_d3_uncomp.avi,person22_empty_d3_s0_handwaving_flip.avi,2,177,223,empty,T
person22_handwaving_d3,person22_handwaving_d3_uncomp.avi,person22_handwaving_d3_s2_handwaving_original.avi,3,224,355,handwaving,F
person22_handwaving_d3,person22_handwaving_d3_uncomp.avi,person22_handwaving_d3_s2_handwaving_flip.avi,3,224,355,handwaving,T
person22_handwaving_d3,person22_handwaving_d3_uncomp.avi,person22_handwaving_d3_s3_handwaving_original.avi,4,356,486,handwaving,F
person22_handwaving_d3,person22_handwaving_d3_uncomp.avi,person22_handwaving_d3_s3_handwaving_flip.avi,4,356,486,handwaving,T
person22_handwaving_d4,person22_handwaving_d4_uncomp.avi,person22_handwaving_d4_s0_handwaving_original.avi,0,1,155,handwaving,F
person22_handwaving_d4,person22_handwaving_d4_uncomp.avi,person22_handwaving_d4_s0_handwaving_flip.avi,0,1,155,handwaving,T
person22_handwaving_d4,person22_handwaving_d4_uncomp.avi,person22_handwaving_d4_s1_handwaving_original.avi,1,156,292,handwaving,F
person22_handwaving_d4,person22_handwaving_d4_uncomp.avi,person22_handwaving_d4_s1_handwaving_flip.avi,1,156,292,handwaving,T
person22_handwaving_d4,person22_handwaving_d4_uncomp.avi,person22_handwaving_d4_s2_handwaving_original.avi,2,293,382,handwaving,F
person22_handwaving_d4,person22_handwaving_d4_uncomp.avi,person22_handwaving_d4_s2_handwaving_flip.avi,2,293,382,handwaving,T
person22_handwaving_d4,person22_handwaving_d4_uncomp.avi,person22_handwaving_d4_s3_handwaving_original.avi,3,383,512,handwaving,F
person22_handwaving_d4,person22_handwaving_d4_uncomp.avi,person22_handwaving_d4_s3_handwaving_flip.avi,3,383,512,handwaving,T
person22_jogging_d1,person22_jogging_d1_uncomp.avi,person22_jogging_d1_s0_jogging_original.avi,0,1,45,jogging,F
person22_jogging_d1,person22_jogging_d1_uncomp.avi,person22_jogging_d1_s0_jogging_flip.avi,0,1,45,jogging,T
person22_jogging_d1,person22_jogging_d1_uncomp.avi,person22_empty_d1_s0_jogging_original.avi,1,46,144,empty,F
person22_jogging_d1,person22_jogging_d1_uncomp.avi,person22_empty_d1_s0_jogging_flip.avi,1,46,144,empty,T
person22_jogging_d1,person22_jogging_d1_uncomp.avi,person22_jogging_d1_s1_jogging_original.avi,2,145,192,jogging,F
person22_jogging_d1,person22_jogging_d1_uncomp.avi,person22_jogging_d1_s1_jogging_flip.avi,2,145,192,jogging,T
person22_jogging_d1,person22_jogging_d1_uncomp.avi,person22_empty_d1_s1_jogging_original.avi,3,193,251,empty,F
person22_jogging_d1,person22_jogging_d1_uncomp.avi,person22_empty_d1_s1_jogging_flip.avi,3,193,251,empty,T
person22_jogging_d1,person22_jogging_d1_uncomp.avi,person22_jogging_d1_s2_jogging_original.avi,4,252,306,jogging,F
person22_jogging_d1,person22_jogging_d1_uncomp.avi,person22_jogging_d1_s2_jogging_flip.avi,4,252,306,jogging,T
person22_jogging_d1,person22_jogging_d1_uncomp.avi,person22_empty_d1_s2_jogging_original.avi,5,307,435,empty,F
person22_jogging_d1,person22_jogging_d1_uncomp.avi,person22_empty_d1_s2_jogging_flip.avi,5,307,435,empty,T
person22_jogging_d1,person22_jogging_d1_uncomp.avi,person22_jogging_d1_s3_jogging_original.avi,6,436,496,jogging,F
person22_jogging_d1,person22_jogging_d1_uncomp.avi,person22_jogging_d1_s3_jogging_flip.avi,6,436,496,jogging,T
person22_jogging_d2,person22_jogging_d2_uncomp.avi,person22_jogging_d2_s0_jogging_original.avi,0,1,85,jogging,F
person22_jogging_d2,person22_jogging_d2_uncomp.avi,person22_jogging_d2_s0_jogging_flip.avi,0,1,85,jogging,T
person22_jogging_d2,person22_jogging_d2_uncomp.avi,person22_empty_d2_s0_jogging_original.avi,1,86,141,empty,F
person22_jogging_d2,person22_jogging_d2_uncomp.avi,person22_empty_d2_s0_jogging_flip.avi,1,86,141,empty,T
person22_jogging_d2,person22_jogging_d2_uncomp.avi,person22_jogging_d2_s1_jogging_original.avi,2,142,230,jogging,F
person22_jogging_d2,person22_jogging_d2_uncomp.avi,person22_jogging_d2_s1_jogging_flip.avi,2,142,230,jogging,T
person22_jogging_d2,person22_jogging_d2_uncomp.avi,person22_empty_d2_s1_jogging_original.avi,3,231,261,empty,F
person22_jogging_d2,person22_jogging_d2_uncomp.avi,person22_empty_d2_s1_jogging_flip.avi,3,231,261,empty,T
person22_jogging_d2,person22_jogging_d2_uncomp.avi,person22_jogging_d2_s2_jogging_original.avi,4,262,352,jogging,F
person22_jogging_d2,person22_jogging_d2_uncomp.avi,person22_jogging_d2_s2_jogging_flip.avi,4,262,352,jogging,T
person22_jogging_d2,person22_jogging_d2_uncomp.avi,person22_empty_d2_s2_jogging_original.avi,5,353,415,empty,F
person22_jogging_d2,person22_jogging_d2_uncomp.avi,person22_empty_d2_s2_jogging_flip.avi,5,353,415,empty,T
person22_jogging_d2,person22_jogging_d2_uncomp.avi,person22_jogging_d2_s3_jogging_original.avi,6,416,502,jogging,F
person22_jogging_d2,person22_jogging_d2_uncomp.avi,person22_jogging_d2_s3_jogging_flip.avi,6,416,502,jogging,T
person22_jogging_d3,person22_jogging_d3_uncomp.avi,person22_jogging_d3_s0_jogging_original.avi,0,1,50,jogging,F
person22_jogging_d3,person22_jogging_d3_uncomp.avi,person22_jogging_d3_s0_jogging_flip.avi,0,1,50,jogging,T
person22_jogging_d3,person22_jogging_d3_uncomp.avi,person22_empty_d3_s0_jogging_original.avi,1,51,161,empty,F
person22_jogging_d3,person22_jogging_d3_uncomp.avi,person22_empty_d3_s0_jogging_flip.avi,1,51,161,empty,T
person22_jogging_d3,person22_jogging_d3_uncomp.avi,person22_jogging_d3_s1_jogging_original.avi,2,162,212,jogging,F
person22_jogging_d3,person22_jogging_d3_uncomp.avi,person22_jogging_d3_s1_jogging_flip.avi,2,162,212,jogging,T
person22_jogging_d3,person22_jogging_d3_uncomp.avi,person22_empty_d3_s1_jogging_original.avi,3,213,287,empty,F
person22_jogging_d3,person22_jogging_d3_uncomp.avi,person22_empty_d3_s1_jogging_flip.avi,3,213,287,empty,T
person22_jogging_d3,person22_jogging_d3_uncomp.avi,person22_jogging_d3_s2_jogging_original.avi,4,288,338,jogging,F
person22_jogging_d3,person22_jogging_d3_uncomp.avi,person22_jogging_d3_s2_jogging_flip.avi,4,288,338,jogging,T
person22_jogging_d3,person22_jogging_d3_uncomp.avi,person22_empty_d3_s2_jogging_original.avi,5,339,454,empty,F
person22_jogging_d3,person22_jogging_d3_uncomp.avi,person22_empty_d3_s2_jogging_flip.avi,5,339,454,empty,T
person22_jogging_d3,person22_jogging_d3_uncomp.avi,person22_jogging_d3_s3_jogging_original.avi,6,455,510,jogging,F
person22_jogging_d3,person22_jogging_d3_uncomp.avi,person22_jogging_d3_s3_jogging_flip.avi,6,455,510,jogging,T
person22_jogging_d4,person22_jogging_d4_uncomp.avi,person22_jogging_d4_s0_jogging_original.avi,0,1,64,jogging,F
person22_jogging_d4,person22_jogging_d4_uncomp.avi,person22_jogging_d4_s0_jogging_flip.avi,0,1,64,jogging,T
person22_jogging_d4,person22_jogging_d4_uncomp.avi,person22_empty_d4_s0_jogging_original.avi,1,65,101,empty,F
person22_jogging_d4,person22_jogging_d4_uncomp.avi,person22_empty_d4_s0_jogging_flip.avi,1,65,101,empty,T
person22_jogging_d4,person22_jogging_d4_uncomp.avi,person22_jogging_d4_s1_jogging_original.avi,2,102,166,jogging,F
person22_jogging_d4,person22_jogging_d4_uncomp.avi,person22_jogging_d4_s1_jogging_flip.avi,2,102,166,jogging,T
person22_jogging_d4,person22_jogging_d4_uncomp.avi,person22_empty_d4_s1_jogging_original.avi,3,167,187,empty,F
person22_jogging_d4,person22_jogging_d4_uncomp.avi,person22_empty_d4_s1_jogging_flip.avi,3,167,187,empty,T
person22_jogging_d4,person22_jogging_d4_uncomp.avi,person22_jogging_d4_s2_jogging_original.avi,4,188,250,jogging,F
person22_jogging_d4,person22_jogging_d4_uncomp.avi,person22_jogging_d4_s2_jogging_flip.avi,4,188,250,jogging,T
person22_jogging_d4,person22_jogging_d4_uncomp.avi,person22_empty_d4_s2_jogging_original.avi,5,251,284,empty,F
person22_jogging_d4,person22_jogging_d4_uncomp.avi,person22_empty_d4_s2_jogging_flip.avi,5,251,284,empty,T
person22_jogging_d4,person22_jogging_d4_uncomp.avi,person22_jogging_d4_s3_jogging_original.avi,6,285,350,jogging,F
person22_jogging_d4,person22_jogging_d4_uncomp.avi,person22_jogging_d4_s3_jogging_flip.avi,6,285,350,jogging,T
person22_running_d1,person22_running_d1_uncomp.avi,person22_running_d1_s0_running_original.avi,0,1,32,running,F
person22_running_d1,person22_running_d1_uncomp.avi,person22_running_d1_s0_running_flip.avi,0,1,32,running,T
person22_running_d1,person22_running_d1_uncomp.avi,person22_empty_d1_s0_running_original.avi,1,33,129,empty,F
person22_running_d1,person22_running_d1_uncomp.avi,person22_empty_d1_s0_running_flip.avi,1,33,129,empty,T
person22_running_d1,person22_running_d1_uncomp.avi,person22_running_d1_s1_running_original.avi,2,130,164,running,F
person22_running_d1,person22_running_d1_uncomp.avi,person22_running_d1_s1_running_flip.avi,2,130,164,running,T
person22_running_d1,person22_running_d1_uncomp.avi,person22_empty_d1_s1_running_original.avi,3,165,211,empty,F
person22_running_d1,person22_running_d1_uncomp.avi,person22_empty_d1_s1_running_flip.avi,3,165,211,empty,T
person22_running_d1,person22_running_d1_uncomp.avi,person22_running_d1_s2_running_original.avi,4,212,250,running,F
person22_running_d1,person22_running_d1_uncomp.avi,person22_running_d1_s2_running_flip.avi,4,212,250,running,T
person22_running_d1,person22_running_d1_uncomp.avi,person22_empty_d1_s2_running_original.avi,5,251,343,empty,F
person22_running_d1,person22_running_d1_uncomp.avi,person22_empty_d1_s2_running_flip.avi,5,251,343,empty,T
person22_running_d1,person22_running_d1_uncomp.avi,person22_running_d1_s3_running_original.avi,6,344,375,running,F
person22_running_d1,person22_running_d1_uncomp.avi,person22_running_d1_s3_running_flip.avi,6,344,375,running,T
person22_running_d2,person22_running_d2_uncomp.avi,person22_running_d2_s0_running_original.avi,0,1,55,running,F
person22_running_d2,person22_running_d2_uncomp.avi,person22_running_d2_s0_running_flip.avi,0,1,55,running,T
person22_running_d2,person22_running_d2_uncomp.avi,person22_empty_d2_s0_running_original.avi,1,56,127,empty,F
person22_running_d2,person22_running_d2_uncomp.avi,person22_empty_d2_s0_running_flip.avi,1,56,127,empty,T
person22_running_d2,person22_running_d2_uncomp.avi,person22_running_d2_s1_running_original.avi,2,128,180,running,F
person22_running_d2,person22_running_d2_uncomp.avi,person22_running_d2_s1_running_flip.avi,2,128,180,running,T
person22_running_d2,person22_running_d2_uncomp.avi,person22_empty_d2_s1_running_original.avi,3,181,239,empty,F
person22_running_d2,person22_running_d2_uncomp.avi,person22_empty_d2_s1_running_flip.avi,3,181,239,empty,T
person22_running_d2,person22_running_d2_uncomp.avi,person22_running_d2_s2_running_original.avi,4,240,295,running,F
person22_running_d2,person22_running_d2_uncomp.avi,person22_running_d2_s2_running_flip.avi,4,240,295,running,T
person22_running_d2,person22_running_d2_uncomp.avi,person22_empty_d2_s2_running_original.avi,5,296,377,empty,F
person22_running_d2,person22_running_d2_uncomp.avi,person22_empty_d2_s2_running_flip.avi,5,296,377,empty,T
person22_running_d2,person22_running_d2_uncomp.avi,person22_running_d2_s3_running_original.avi,6,378,425,running,F
person22_running_d2,person22_running_d2_uncomp.avi,person22_running_d2_s3_running_flip.avi,6,378,425,running,T
person22_running_d3,person22_running_d3_uncomp.avi,person22_running_d3_s0_running_original.avi,0,1,32,running,F
person22_running_d3,person22_running_d3_uncomp.avi,person22_running_d3_s0_running_flip.avi,0,1,32,running,T
person22_running_d3,person22_running_d3_uncomp.avi,person22_empty_d3_s0_running_original.avi,1,33,133,empty,F
person22_running_d3,person22_running_d3_uncomp.avi,person22_empty_d3_s0_running_flip.avi,1,33,133,empty,T
person22_running_d3,person22_running_d3_uncomp.avi,person22_running_d3_s1_running_original.avi,2,134,168,running,F
person22_running_d3,person22_running_d3_uncomp.avi,person22_running_d3_s1_running_flip.avi,2,134,168,running,T
person22_running_d3,person22_running_d3_uncomp.avi,person22_empty_d3_s1_running_original.avi,3,169,291,empty,F
person22_running_d3,person22_running_d3_uncomp.avi,person22_empty_d3_s1_running_flip.avi,3,169,291,empty,T
person22_running_d3,person22_running_d3_uncomp.avi,person22_running_d3_s2_running_original.avi,4,292,328,running,F
person22_running_d3,person22_running_d3_uncomp.avi,person22_running_d3_s2_running_flip.avi,4,292,328,running,T
person22_running_d3,person22_running_d3_uncomp.avi,person22_empty_d3_s2_running_original.avi,5,329,424,empty,F
person22_running_d3,person22_running_d3_uncomp.avi,person22_empty_d3_s2_running_flip.avi,5,329,424,empty,T
person22_running_d3,person22_running_d3_uncomp.avi,person22_running_d3_s3_running_original.avi,6,425,465,running,F
person22_running_d3,person22_running_d3_uncomp.avi,person22_running_d3_s3_running_flip.avi,6,425,465,running,T
person22_running_d4,person22_running_d4_uncomp.avi,person22_running_d4_s0_running_original.avi,0,1,50,running,F
person22_running_d4,person22_running_d4_uncomp.avi,person22_running_d4_s0_running_flip.avi,0,1,50,running,T
person22_running_d4,person22_running_d4_uncomp.avi,person22_empty_d4_s0_running_original.avi,1,51,97,empty,F
person22_running_d4,person22_running_d4_uncomp.avi,person22_empty_d4_s0_running_flip.avi,1,51,97,empty,T
person22_running_d4,person22_running_d4_uncomp.avi,person22_running_d4_s1_running_original.avi,2,98,150,running,F
person22_running_d4,person22_running_d4_uncomp.avi,person22_running_d4_s1_running_flip.avi,2,98,150,running,T
person22_running_d4,person22_running_d4_uncomp.avi,person22_empty_d4_s1_running_original.avi,3,151,161,empty,F
person22_running_d4,person22_running_d4_uncomp.avi,person22_empty_d4_s1_running_flip.avi,3,151,161,empty,T
person22_running_d4,person22_running_d4_uncomp.avi,person22_running_d4_s2_running_original.avi,4,162,208,running,F
person22_running_d4,person22_running_d4_uncomp.avi,person22_running_d4_s2_running_flip.avi,4,162,208,running,T
person22_running_d4,person22_running_d4_uncomp.avi,person22_empty_d4_s2_running_original.avi,5,209,261,empty,F
person22_running_d4,person22_running_d4_uncomp.avi,person22_empty_d4_s2_running_flip.avi,5,209,261,empty,T
person22_running_d4,person22_running_d4_uncomp.avi,person22_running_d4_s3_running_original.avi,6,262,310,running,F
person22_running_d4,person22_running_d4_uncomp.avi,person22_running_d4_s3_running_flip.avi,6,262,310,running,T
person22_walking_d1,person22_walking_d1_uncomp.avi,person22_walking_d1_s0_walking_original.avi,0,1,102,walking,F
person22_walking_d1,person22_walking_d1_uncomp.avi,person22_walking_d1_s0_walking_flip.avi,0,1,102,walking,T
person22_walking_d1,person22_walking_d1_uncomp.avi,person22_empty_d1_s0_walking_original.avi,1,103,201,empty,F
person22_walking_d1,person22_walking_d1_uncomp.avi,person22_empty_d1_s0_walking_flip.avi,1,103,201,empty,T
person22_walking_d1,person22_walking_d1_uncomp.avi,person22_walking_d1_s1_walking_original.avi,2,202,310,walking,F
person22_walking_d1,person22_walking_d1_uncomp.avi,person22_walking_d1_s1_walking_flip.avi,2,202,310,walking,T
person22_walking_d1,person22_walking_d1_uncomp.avi,person22_empty_d1_s1_walking_original.avi,3,311,371,empty,F
person22_walking_d1,person22_walking_d1_uncomp.avi,person22_empty_d1_s1_walking_flip.avi,3,311,371,empty,T
person22_walking_d1,person22_walking_d1_uncomp.avi,person22_walking_d1_s2_walking_original.avi,4,372,468,walking,F
person22_walking_d1,person22_walking_d1_uncomp.avi,person22_walking_d1_s2_walking_flip.avi,4,372,468,walking,T
person22_walking_d1,person22_walking_d1_uncomp.avi,person22_empty_d1_s2_walking_original.avi,5,469,585,empty,F
person22_walking_d1,person22_walking_d1_uncomp.avi,person22_empty_d1_s2_walking_flip.avi,5,469,585,empty,T
person22_walking_d1,person22_walking_d1_uncomp.avi,person22_walking_d1_s3_walking_original.avi,6,586,700,walking,F
person22_walking_d1,person22_walking_d1_uncomp.avi,person22_walking_d1_s3_walking_flip.avi,6,586,700,walking,T
person22_walking_d2,person22_walking_d2_uncomp.avi,person22_walking_d2_s0_walking_original.avi,0,1,152,walking,F
person22_walking_d2,person22_walking_d2_uncomp.avi,person22_walking_d2_s0_walking_flip.avi,0,1,152,walking,T
person22_walking_d2,person22_walking_d2_uncomp.avi,person22_empty_d2_s0_walking_original.avi,1,153,224,empty,F
person22_walking_d2,person22_walking_d2_uncomp.avi,person22_empty_d2_s0_walking_flip.avi,1,153,224,empty,T
person22_walking_d2,person22_walking_d2_uncomp.avi,person22_walking_d2_s1_walking_original.avi,2,225,375,walking,F
person22_walking_d2,person22_walking_d2_uncomp.avi,person22_walking_d2_s1_walking_flip.avi,2,225,375,walking,T
person22_walking_d2,person22_walking_d2_uncomp.avi,person22_empty_d2_s1_walking_original.avi,3,376,464,empty,F
person22_walking_d2,person22_walking_d2_uncomp.avi,person22_empty_d2_s1_walking_flip.avi,3,376,464,empty,T
person22_walking_d2,person22_walking_d2_uncomp.avi,person22_walking_d2_s2_walking_original.avi,4,465,618,walking,F
person22_walking_d2,person22_walking_d2_uncomp.avi,person22_walking_d2_s2_walking_flip.avi,4,465,618,walking,T
person22_walking_d2,person22_walking_d2_uncomp.avi,person22_empty_d2_s2_walking_original.avi,5,619,759,empty,F
person22_walking_d2,person22_walking_d2_uncomp.avi,person22_empty_d2_s2_walking_flip.avi,5,619,759,empty,T
person22_walking_d2,person22_walking_d2_uncomp.avi,person22_walking_d2_s3_walking_original.avi,6,760,920,walking,F
person22_walking_d2,person22_walking_d2_uncomp.avi,person22_walking_d2_s3_walking_flip.avi,6,760,920,walking,T
person22_walking_d3,person22_walking_d3_uncomp.avi,person22_walking_d3_s0_walking_original.avi,0,1,100,walking,F
person22_walking_d3,person22_walking_d3_uncomp.avi,person22_walking_d3_s0_walking_flip.avi,0,1,100,walking,T
person22_walking_d3,person22_walking_d3_uncomp.avi,person22_empty_d3_s0_walking_original.avi,1,101,257,empty,F
person22_walking_d3,person22_walking_d3_uncomp.avi,person22_empty_d3_s0_walking_flip.avi,1,101,257,empty,T
person22_walking_d3,person22_walking_d3_uncomp.avi,person22_walking_d3_s1_walking_original.avi,2,258,350,walking,F
person22_walking_d3,person22_walking_d3_uncomp.avi,person22_walking_d3_s1_walking_flip.avi,2,258,350,walking,T
person22_walking_d3,person22_walking_d3_uncomp.avi,person22_empty_d3_s1_walking_original.avi,3,351,494,empty,F
person22_walking_d3,person22_walking_d3_uncomp.avi,person22_empty_d3_s1_walking_flip.avi,3,351,494,empty,T
person22_walking_d3,person22_walking_d3_uncomp.avi,person22_walking_d3_s2_walking_original.avi,4,495,580,walking,F
person22_walking_d3,person22_walking_d3_uncomp.avi,person22_walking_d3_s2_walking_flip.avi,4,495,580,walking,T
person22_walking_d3,person22_walking_d3_uncomp.avi,person22_empty_d3_s2_walking_original.avi,5,581,719,empty,F
person22_walking_d3,person22_walking_d3_uncomp.avi,person22_empty_d3_s2_walking_flip.avi,5,581,719,empty,T
person22_walking_d3,person22_walking_d3_uncomp.avi,person22_walking_d3_s3_walking_original.avi,6,720,815,walking,F
person22_walking_d3,person22_walking_d3_uncomp.avi,person22_walking_d3_s3_walking_flip.avi,6,720,815,walking,T
person22_walking_d4,person22_walking_d4_uncomp.avi,person22_walking_d4_s0_walking_original.avi,0,1,110,walking,F
person22_walking_d4,person22_walking_d4_uncomp.avi,person22_walking_d4_s0_walking_flip.avi,0,1,110,walking,T
person22_walking_d4,person22_walking_d4_uncomp.avi,person22_empty_d4_s0_walking_original.avi,1,111,129,empty,F
person22_walking_d4,person22_walking_d4_uncomp.avi,person22_empty_d4_s0_walking_flip.avi,1,111,129,empty,T
person22_walking_d4,person22_walking_d4_uncomp.avi,person22_walking_d4_s1_walking_original.avi,2,130,248,walking,F
person22_walking_d4,person22_walking_d4_uncomp.avi,person22_walking_d4_s1_walking_flip.avi,2,130,248,walking,T
person22_walking_d4,person22_walking_d4_uncomp.avi,person22_empty_d4_s1_walking_original.avi,3,249,251,empty,F
person22_walking_d4,person22_walking_d4_uncomp.avi,person22_empty_d4_s1_walking_flip.avi,3,249,251,empty,T
person22_walking_d4,person22_walking_d4_uncomp.avi,person22_walking_d4_s2_walking_original.avi,4,252,372,walking,F
person22_walking_d4,person22_walking_d4_uncomp.avi,person22_walking_d4_s2_walking_flip.avi,4,252,372,walking,T
person22_walking_d4,person22_walking_d4_uncomp.avi,person22_empty_d4_s2_walking_original.avi,5,373,411,empty,F
person22_walking_d4,person22_walking_d4_uncomp.avi,person22_empty_d4_s2_walking_flip.avi,5,373,411,empty,T
person22_walking_d4,person22_walking_d4_uncomp.avi,person22_walking_d4_s3_walking_original.avi,6,412,540,walking,F
person22_walking_d4,person22_walking_d4_uncomp.avi,person22_walking_d4_s3_walking_flip.avi,6,412,540,walking,T
person23_boxing_d1,person23_boxing_d1_uncomp.avi,person23_boxing_d1_s0_boxing_original.avi,0,1,95,boxing,F
person23_boxing_d1,person23_boxing_d1_uncomp.avi,person23_boxing_d1_s0_boxing_flip.avi,0,1,95,boxing,T
person23_boxing_d1,person23_boxing_d1_uncomp.avi,person23_boxing_d1_s1_boxing_original.avi,1,96,172,boxing,F
person23_boxing_d1,person23_boxing_d1_uncomp.avi,person23_boxing_d1_s1_boxing_flip.avi,1,96,172,boxing,T
person23_boxing_d1,person23_boxing_d1_uncomp.avi,person23_empty_d1_s0_boxing_original.avi,2,173,257,empty,F
person23_boxing_d1,person23_boxing_d1_uncomp.avi,person23_empty_d1_s0_boxing_flip.avi,2,173,257,empty,T
person23_boxing_d1,person23_boxing_d1_uncomp.avi,person23_boxing_d1_s2_boxing_original.avi,3,258,372,boxing,F
person23_boxing_d1,person23_boxing_d1_uncomp.avi,person23_boxing_d1_s2_boxing_flip.avi,3,258,372,boxing,T
person23_boxing_d1,person23_boxing_d1_uncomp.avi,person23_boxing_d1_s3_boxing_original.avi,4,373,482,boxing,F
person23_boxing_d1,person23_boxing_d1_uncomp.avi,person23_boxing_d1_s3_boxing_flip.avi,4,373,482,boxing,T
person23_boxing_d2,person23_boxing_d2_uncomp.avi,person23_boxing_d2_s0_boxing_original.avi,0,1,128,boxing,F
person23_boxing_d2,person23_boxing_d2_uncomp.avi,person23_boxing_d2_s0_boxing_flip.avi,0,1,128,boxing,T
person23_boxing_d2,person23_boxing_d2_uncomp.avi,person23_boxing_d2_s1_boxing_original.avi,1,129,250,boxing,F
person23_boxing_d2,person23_boxing_d2_uncomp.avi,person23_boxing_d2_s1_boxing_flip.avi,1,129,250,boxing,T
person23_boxing_d2,person23_boxing_d2_uncomp.avi,person23_boxing_d2_s2_boxing_original.avi,2,251,392,boxing,F
person23_boxing_d2,person23_boxing_d2_uncomp.avi,person23_boxing_d2_s2_boxing_flip.avi,2,251,392,boxing,T
person23_boxing_d2,person23_boxing_d2_uncomp.avi,person23_boxing_d2_s3_boxing_original.avi,3,393,500,boxing,F
person23_boxing_d2,person23_boxing_d2_uncomp.avi,person23_boxing_d2_s3_boxing_flip.avi,3,393,500,boxing,T
person23_boxing_d3,person23_boxing_d3_uncomp.avi,person23_boxing_d3_s0_boxing_original.avi,0,1,82,boxing,F
person23_boxing_d3,person23_boxing_d3_uncomp.avi,person23_boxing_d3_s0_boxing_flip.avi,0,1,82,boxing,T
person23_boxing_d3,person23_boxing_d3_uncomp.avi,person23_boxing_d3_s1_boxing_original.avi,1,83,218,boxing,F
person23_boxing_d3,person23_boxing_d3_uncomp.avi,person23_boxing_d3_s1_boxing_flip.avi,1,83,218,boxing,T
person23_boxing_d3,person23_boxing_d3_uncomp.avi,person23_boxing_d3_s2_boxing_original.avi,2,219,340,boxing,F
person23_boxing_d3,person23_boxing_d3_uncomp.avi,person23_boxing_d3_s2_boxing_flip.avi,2,219,340,boxing,T
person23_boxing_d3,person23_boxing_d3_uncomp.avi,person23_boxing_d3_s3_boxing_original.avi,3,341,448,boxing,F
person23_boxing_d3,person23_boxing_d3_uncomp.avi,person23_boxing_d3_s3_boxing_flip.avi,3,341,448,boxing,T
person23_boxing_d4,person23_boxing_d4_uncomp.avi,person23_boxing_d4_s0_boxing_original.avi,0,1,115,boxing,F
person23_boxing_d4,person23_boxing_d4_uncomp.avi,person23_boxing_d4_s0_boxing_flip.avi,0,1,115,boxing,T
person23_boxing_d4,person23_boxing_d4_uncomp.avi,person23_boxing_d4_s1_boxing_original.avi,1,116,247,boxing,F
person23_boxing_d4,person23_boxing_d4_uncomp.avi,person23_boxing_d4_s1_boxing_flip.avi,1,116,247,boxing,T
person23_boxing_d4,person23_boxing_d4_uncomp.avi,person23_boxing_d4_s2_boxing_original.avi,2,248,316,boxing,F
person23_boxing_d4,person23_boxing_d4_uncomp.avi,person23_boxing_d4_s2_boxing_flip.avi,2,248,316,boxing,T
person23_boxing_d4,person23_boxing_d4_uncomp.avi,person23_boxing_d4_s3_boxing_original.avi,3,317,368,boxing,F
person23_boxing_d4,person23_boxing_d4_uncomp.avi,person23_boxing_d4_s3_boxing_flip.avi,3,317,368,boxing,T
person23_handclapping_d1,person23_handclapping_d1_uncomp.avi,person23_handclapping_d1_s0_handclapping_original.avi,0,1,126,handclapping,F
person23_handclapping_d1,person23_handclapping_d1_uncomp.avi,person23_handclapping_d1_s0_handclapping_flip.avi,0,1,126,handclapping,T
person23_handclapping_d1,person23_handclapping_d1_uncomp.avi,person23_handclapping_d1_s1_handclapping_original.avi,1,127,222,handclapping,F
person23_handclapping_d1,person23_handclapping_d1_uncomp.avi,person23_handclapping_d1_s1_handclapping_flip.avi,1,127,222,handclapping,T
person23_handclapping_d1,person23_handclapping_d1_uncomp.avi,person23_handclapping_d1_s2_handclapping_original.avi,2,223,346,handclapping,F
person23_handclapping_d1,person23_handclapping_d1_uncomp.avi,person23_handclapping_d1_s2_handclapping_flip.avi,2,223,346,handclapping,T
person23_handclapping_d1,person23_handclapping_d1_uncomp.avi,person23_handclapping_d1_s3_handclapping_original.avi,3,347,440,handclapping,F
person23_handclapping_d1,person23_handclapping_d1_uncomp.avi,person23_handclapping_d1_s3_handclapping_flip.avi,3,347,440,handclapping,T
person23_handclapping_d2,person23_handclapping_d2_uncomp.avi,person23_handclapping_d2_s0_handclapping_original.avi,0,1,100,handclapping,F
person23_handclapping_d2,person23_handclapping_d2_uncomp.avi,person23_handclapping_d2_s0_handclapping_flip.avi,0,1,100,handclapping,T
person23_handclapping_d2,person23_handclapping_d2_uncomp.avi,person23_handclapping_d2_s1_handclapping_original.avi,1,101,235,handclapping,F
person23_handclapping_d2,person23_handclapping_d2_uncomp.avi,person23_handclapping_d2_s1_handclapping_flip.avi,1,101,235,handclapping,T
person23_handclapping_d2,person23_handclapping_d2_uncomp.avi,person23_handclapping_d2_s2_handclapping_original.avi,2,236,366,handclapping,F
person23_handclapping_d2,person23_handclapping_d2_uncomp.avi,person23_handclapping_d2_s2_handclapping_flip.avi,2,236,366,handclapping,T
person23_handclapping_d2,person23_handclapping_d2_uncomp.avi,person23_handclapping_d2_s3_handclapping_original.avi,3,367,458,handclapping,F
person23_handclapping_d2,person23_handclapping_d2_uncomp.avi,person23_handclapping_d2_s3_handclapping_flip.avi,3,367,458,handclapping,T
person23_handclapping_d3,person23_handclapping_d3_uncomp.avi,person23_handclapping_d3_s0_handclapping_original.avi,0,1,142,handclapping,F
person23_handclapping_d3,person23_handclapping_d3_uncomp.avi,person23_handclapping_d3_s0_handclapping_flip.avi,0,1,142,handclapping,T
person23_handclapping_d3,person23_handclapping_d3_uncomp.avi,person23_handclapping_d3_s1_handclapping_original.avi,1,143,258,handclapping,F
person23_handclapping_d3,person23_handclapping_d3_uncomp.avi,person23_handclapping_d3_s1_handclapping_flip.avi,1,143,258,handclapping,T
person23_handclapping_d3,person23_handclapping_d3_uncomp.avi,person23_handclapping_d3_s2_handclapping_original.avi,2,259,370,handclapping,F
person23_handclapping_d3,person23_handclapping_d3_uncomp.avi,person23_handclapping_d3_s2_handclapping_flip.avi,2,259,370,handclapping,T
person23_handclapping_d3,person23_handclapping_d3_uncomp.avi,person23_handclapping_d3_s3_handclapping_original.avi,3,371,482,handclapping,F
person23_handclapping_d3,person23_handclapping_d3_uncomp.avi,person23_handclapping_d3_s3_handclapping_flip.avi,3,371,482,handclapping,T
person23_handclapping_d4,person23_handclapping_d4_uncomp.avi,person23_handclapping_d4_s0_handclapping_original.avi,0,1,118,handclapping,F
person23_handclapping_d4,person23_handclapping_d4_uncomp.avi,person23_handclapping_d4_s0_handclapping_flip.avi,0,1,118,handclapping,T
person23_handclapping_d4,person23_handclapping_d4_uncomp.avi,person23_handclapping_d4_s1_handclapping_original.avi,1,119,266,handclapping,F
person23_handclapping_d4,person23_handclapping_d4_uncomp.avi,person23_handclapping_d4_s1_handclapping_flip.avi,1,119,266,handclapping,T
person23_handclapping_d4,person23_handclapping_d4_uncomp.avi,person23_handclapping_d4_s2_handclapping_original.avi,2,267,340,handclapping,F
person23_handclapping_d4,person23_handclapping_d4_uncomp.avi,person23_handclapping_d4_s2_handclapping_flip.avi,2,267,340,handclapping,T
person23_handclapping_d4,person23_handclapping_d4_uncomp.avi,person23_handclapping_d4_s3_handclapping_original.avi,3,341,444,handclapping,F
person23_handclapping_d4,person23_handclapping_d4_uncomp.avi,person23_handclapping_d4_s3_handclapping_flip.avi,3,341,444,handclapping,T
person23_handwaving_d1,person23_handwaving_d1_uncomp.avi,person23_handwaving_d1_s0_handwaving_original.avi,0,1,126,handwaving,F
person23_handwaving_d1,person23_handwaving_d1_uncomp.avi,person23_handwaving_d1_s0_handwaving_flip.avi,0,1,126,handwaving,T
person23_handwaving_d1,person23_handwaving_d1_uncomp.avi,person23_handwaving_d1_s1_handwaving_original.avi,1,127,256,handwaving,F
person23_handwaving_d1,person23_handwaving_d1_uncomp.avi,person23_handwaving_d1_s1_handwaving_flip.avi,1,127,256,handwaving,T
person23_handwaving_d1,person23_handwaving_d1_uncomp.avi,person23_handwaving_d1_s2_handwaving_original.avi,2,257,392,handwaving,F
person23_handwaving_d1,person23_handwaving_d1_uncomp.avi,person23_handwaving_d1_s2_handwaving_flip.avi,2,257,392,handwaving,T
person23_handwaving_d1,person23_handwaving_d1_uncomp.avi,person23_handwaving_d1_s3_handwaving_original.avi,3,393,576,handwaving,F
person23_handwaving_d1,person23_handwaving_d1_uncomp.avi,person23_handwaving_d1_s3_handwaving_flip.avi,3,393,576,handwaving,T
person23_handwaving_d2,person23_handwaving_d2_uncomp.avi,person23_handwaving_d2_s0_handwaving_original.avi,0,1,122,handwaving,F
person23_handwaving_d2,person23_handwaving_d2_uncomp.avi,person23_handwaving_d2_s0_handwaving_flip.avi,0,1,122,handwaving,T
person23_handwaving_d2,person23_handwaving_d2_uncomp.avi,person23_handwaving_d2_s1_handwaving_original.avi,1,123,244,handwaving,F
person23_handwaving_d2,person23_handwaving_d2_uncomp.avi,person23_handwaving_d2_s1_handwaving_flip.avi,1,123,244,handwaving,T
person23_handwaving_d2,person23_handwaving_d2_uncomp.avi,person23_handwaving_d2_s2_handwaving_original.avi,2,245,370,handwaving,F
person23_handwaving_d2,person23_handwaving_d2_uncomp.avi,person23_handwaving_d2_s2_handwaving_flip.avi,2,245,370,handwaving,T
person23_handwaving_d2,person23_handwaving_d2_uncomp.avi,person23_empty_d2_s0_handwaving_original.avi,3,371,534,empty,F
person23_handwaving_d2,person23_handwaving_d2_uncomp.avi,person23_empty_d2_s0_handwaving_flip.avi,3,371,534,empty,T
person23_handwaving_d2,person23_handwaving_d2_uncomp.avi,person23_handwaving_d2_s3_handwaving_original.avi,4,535,658,handwaving,F
person23_handwaving_d2,person23_handwaving_d2_uncomp.avi,person23_handwaving_d2_s3_handwaving_flip.avi,4,535,658,handwaving,T
person23_handwaving_d3,person23_handwaving_d3_uncomp.avi,person23_handwaving_d3_s0_handwaving_original.avi,0,1,122,handwaving,F
person23_handwaving_d3,person23_handwaving_d3_uncomp.avi,person23_handwaving_d3_s0_handwaving_flip.avi,0,1,122,handwaving,T
person23_handwaving_d3,person23_handwaving_d3_uncomp.avi,person23_handwaving_d3_s1_handwaving_original.avi,1,123,284,handwaving,F
person23_handwaving_d3,person23_handwaving_d3_uncomp.avi,person23_handwaving_d3_s1_handwaving_flip.avi,1,123,284,handwaving,T
person23_handwaving_d3,person23_handwaving_d3_uncomp.avi,person23_handwaving_d3_s2_handwaving_original.avi,2,285,366,handwaving,F
person23_handwaving_d3,person23_handwaving_d3_uncomp.avi,person23_handwaving_d3_s2_handwaving_flip.avi,2,285,366,handwaving,T
person23_handwaving_d3,person23_handwaving_d3_uncomp.avi,person23_handwaving_d3_s3_handwaving_original.avi,3,367,484,handwaving,F
person23_handwaving_d3,person23_handwaving_d3_uncomp.avi,person23_handwaving_d3_s3_handwaving_flip.avi,3,367,484,handwaving,T
person23_handwaving_d4,person23_handwaving_d4_uncomp.avi,person23_handwaving_d4_s0_handwaving_original.avi,0,1,136,handwaving,F
person23_handwaving_d4,person23_handwaving_d4_uncomp.avi,person23_handwaving_d4_s0_handwaving_flip.avi,0,1,136,handwaving,T
person23_handwaving_d4,person23_handwaving_d4_uncomp.avi,person23_handwaving_d4_s1_handwaving_original.avi,1,137,266,handwaving,F
person23_handwaving_d4,person23_handwaving_d4_uncomp.avi,person23_handwaving_d4_s1_handwaving_flip.avi,1,137,266,handwaving,T
person23_handwaving_d4,person23_handwaving_d4_uncomp.avi,person23_handwaving_d4_s2_handwaving_original.avi,2,267,436,handwaving,F
person23_handwaving_d4,person23_handwaving_d4_uncomp.avi,person23_handwaving_d4_s2_handwaving_flip.avi,2,267,436,handwaving,T
person23_handwaving_d4,person23_handwaving_d4_uncomp.avi,person23_handwaving_d4_s3_handwaving_original.avi,3,437,526,handwaving,F
person23_handwaving_d4,person23_handwaving_d4_uncomp.avi,person23_handwaving_d4_s3_handwaving_flip.avi,3,437,526,handwaving,T
person23_jogging_d1,person23_jogging_d1_uncomp.avi,person23_jogging_d1_s0_jogging_original.avi,0,1,46,jogging,F
person23_jogging_d1,person23_jogging_d1_uncomp.avi,person23_jogging_d1_s0_jogging_flip.avi,0,1,46,jogging,T
person23_jogging_d1,person23_jogging_d1_uncomp.avi,person23_empty_d1_s0_jogging_original.avi,1,47,107,empty,F
person23_jogging_d1,person23_jogging_d1_uncomp.avi,person23_empty_d1_s0_jogging_flip.avi,1,47,107,empty,T
person23_jogging_d1,person23_jogging_d1_uncomp.avi,person23_jogging_d1_s1_jogging_original.avi,2,108,154,jogging,F
person23_jogging_d1,person23_jogging_d1_uncomp.avi,person23_jogging_d1_s1_jogging_flip.avi,2,108,154,jogging,T
person23_jogging_d1,person23_jogging_d1_uncomp.avi,person23_empty_d1_s1_jogging_original.avi,3,155,224,empty,F
person23_jogging_d1,person23_jogging_d1_uncomp.avi,person23_empty_d1_s1_jogging_flip.avi,3,155,224,empty,T
person23_jogging_d1,person23_jogging_d1_uncomp.avi,person23_jogging_d1_s2_jogging_original.avi,4,225,272,jogging,F
person23_jogging_d1,person23_jogging_d1_uncomp.avi,person23_jogging_d1_s2_jogging_flip.avi,4,225,272,jogging,T
person23_jogging_d1,person23_jogging_d1_uncomp.avi,person23_empty_d1_s2_jogging_original.avi,5,273,317,empty,F
person23_jogging_d1,person23_jogging_d1_uncomp.avi,person23_empty_d1_s2_jogging_flip.avi,5,273,317,empty,T
person23_jogging_d1,person23_jogging_d1_uncomp.avi,person23_jogging_d1_s3_jogging_original.avi,6,318,368,jogging,F
person23_jogging_d1,person23_jogging_d1_uncomp.avi,person23_jogging_d1_s3_jogging_flip.avi,6,318,368,jogging,T
person23_jogging_d2,person23_jogging_d2_uncomp.avi,person23_jogging_d2_s0_jogging_original.avi,0,1,104,jogging,F
person23_jogging_d2,person23_jogging_d2_uncomp.avi,person23_jogging_d2_s0_jogging_flip.avi,0,1,104,jogging,T
person23_jogging_d2,person23_jogging_d2_uncomp.avi,person23_empty_d2_s0_jogging_original.avi,1,105,119,empty,F
person23_jogging_d2,person23_jogging_d2_uncomp.avi,person23_empty_d2_s0_jogging_flip.avi,1,105,119,empty,T
person23_jogging_d2,person23_jogging_d2_uncomp.avi,person23_jogging_d2_s1_jogging_original.avi,2,120,238,jogging,F
person23_jogging_d2,person23_jogging_d2_uncomp.avi,person23_jogging_d2_s1_jogging_flip.avi,2,120,238,jogging,T
person23_jogging_d2,person23_jogging_d2_uncomp.avi,person23_empty_d2_s1_jogging_original.avi,3,239,263,empty,F
person23_jogging_d2,person23_jogging_d2_uncomp.avi,person23_empty_d2_s1_jogging_flip.avi,3,239,263,empty,T
person23_jogging_d2,person23_jogging_d2_uncomp.avi,person23_jogging_d2_s2_jogging_original.avi,4,264,374,jogging,F
person23_jogging_d2,person23_jogging_d2_uncomp.avi,person23_jogging_d2_s2_jogging_flip.avi,4,264,374,jogging,T
person23_jogging_d2,person23_jogging_d2_uncomp.avi,person23_empty_d2_s2_jogging_original.avi,5,375,403,empty,F
person23_jogging_d2,person23_jogging_d2_uncomp.avi,person23_empty_d2_s2_jogging_flip.avi,5,375,403,empty,T
person23_jogging_d2,person23_jogging_d2_uncomp.avi,person23_jogging_d2_s3_jogging_original.avi,6,404,528,jogging,F
person23_jogging_d2,person23_jogging_d2_uncomp.avi,person23_jogging_d2_s3_jogging_flip.avi,6,404,528,jogging,T
person23_jogging_d3,person23_jogging_d3_uncomp.avi,person23_jogging_d3_s0_jogging_original.avi,0,1,45,jogging,F
person23_jogging_d3,person23_jogging_d3_uncomp.avi,person23_jogging_d3_s0_jogging_flip.avi,0,1,45,jogging,T
person23_jogging_d3,person23_jogging_d3_uncomp.avi,person23_empty_d3_s0_jogging_original.avi,1,46,71,empty,F
person23_jogging_d3,person23_jogging_d3_uncomp.avi,person23_empty_d3_s0_jogging_flip.avi,1,46,71,empty,T
person23_jogging_d3,person23_jogging_d3_uncomp.avi,person23_jogging_d3_s1_jogging_original.avi,2,72,120,jogging,F
person23_jogging_d3,person23_jogging_d3_uncomp.avi,person23_jogging_d3_s1_jogging_flip.avi,2,72,120,jogging,T
person23_jogging_d3,person23_jogging_d3_uncomp.avi,person23_empty_d3_s1_jogging_original.avi,3,121,189,empty,F
person23_jogging_d3,person23_jogging_d3_uncomp.avi,person23_empty_d3_s1_jogging_flip.avi,3,121,189,empty,T
person23_jogging_d3,person23_jogging_d3_uncomp.avi,person23_jogging_d3_s2_jogging_original.avi,4,190,232,jogging,F
person23_jogging_d3,person23_jogging_d3_uncomp.avi,person23_jogging_d3_s2_jogging_flip.avi,4,190,232,jogging,T
person23_jogging_d3,person23_jogging_d3_uncomp.avi,person23_empty_d3_s2_jogging_original.avi,5,233,255,empty,F
person23_jogging_d3,person23_jogging_d3_uncomp.avi,person23_empty_d3_s2_jogging_flip.avi,5,233,255,empty,T
person23_jogging_d3,person23_jogging_d3_uncomp.avi,person23_jogging_d3_s3_jogging_original.avi,6,256,302,jogging,F
person23_jogging_d3,person23_jogging_d3_uncomp.avi,person23_jogging_d3_s3_jogging_flip.avi,6,256,302,jogging,T
person23_jogging_d4,person23_jogging_d4_uncomp.avi,person23_jogging_d4_s0_jogging_original.avi,0,1,60,jogging,F
person23_jogging_d4,person23_jogging_d4_uncomp.avi,person23_jogging_d4_s0_jogging_flip.avi,0,1,60,jogging,T
person23_jogging_d4,person23_jogging_d4_uncomp.avi,person23_empty_d4_s0_jogging_original.avi,1,61,67,empty,F
person23_jogging_d4,person23_jogging_d4_uncomp.avi,person23_empty_d4_s0_jogging_flip.avi,1,61,67,empty,T
person23_jogging_d4,person23_jogging_d4_uncomp.avi,person23_jogging_d4_s1_jogging_original.avi,2,68,132,jogging,F
person23_jogging_d4,person23_jogging_d4_uncomp.avi,person23_jogging_d4_s1_jogging_flip.avi,2,68,132,jogging,T
person23_jogging_d4,person23_jogging_d4_uncomp.avi,person23_empty_d4_s1_jogging_original.avi,3,133,167,empty,F
person23_jogging_d4,person23_jogging_d4_uncomp.avi,person23_empty_d4_s1_jogging_flip.avi,3,133,167,empty,T
person23_jogging_d4,person23_jogging_d4_uncomp.avi,person23_jogging_d4_s2_jogging_original.avi,4,168,230,jogging,F
person23_jogging_d4,person23_jogging_d4_uncomp.avi,person23_jogging_d4_s2_jogging_flip.avi,4,168,230,jogging,T
person23_jogging_d4,person23_jogging_d4_uncomp.avi,person23_empty_d4_s2_jogging_original.avi,5,231,239,empty,F
person23_jogging_d4,person23_jogging_d4_uncomp.avi,person23_empty_d4_s2_jogging_flip.avi,5,231,239,empty,T
person23_jogging_d4,person23_jogging_d4_uncomp.avi,person23_jogging_d4_s3_jogging_original.avi,6,240,310,jogging,F
person23_jogging_d4,person23_jogging_d4_uncomp.avi,person23_jogging_d4_s3_jogging_flip.avi,6,240,310,jogging,T
person23_running_d1,person23_running_d1_uncomp.avi,person23_running_d1_s0_running_original.avi,0,1,26,running,F
person23_running_d1,person23_running_d1_uncomp.avi,person23_running_d1_s0_running_flip.avi,0,1,26,running,T
person23_running_d1,person23_running_d1_uncomp.avi,person23_empty_d1_s0_running_original.avi,1,27,95,empty,F
person23_running_d1,person23_running_d1_uncomp.avi,person23_empty_d1_s0_running_flip.avi,1,27,95,empty,T
person23_running_d1,person23_running_d1_uncomp.avi,person23_running_d1_s1_running_original.avi,2,96,122,running,F
person23_running_d1,person23_running_d1_uncomp.avi,person23_running_d1_s1_running_flip.avi,2,96,122,running,T
person23_running_d1,person23_running_d1_uncomp.avi,person23_empty_d1_s1_running_original.avi,3,123,211,empty,F
person23_running_d1,person23_running_d1_uncomp.avi,person23_empty_d1_s1_running_flip.avi,3,123,211,empty,T
person23_running_d1,person23_running_d1_uncomp.avi,person23_running_d1_s2_running_original.avi,4,212,242,running,F
person23_running_d1,person23_running_d1_uncomp.avi,person23_running_d1_s2_running_flip.avi,4,212,242,running,T
person23_running_d1,person23_running_d1_uncomp.avi,person23_empty_d1_s2_running_original.avi,5,243,313,empty,F
person23_running_d1,person23_running_d1_uncomp.avi,person23_empty_d1_s2_running_flip.avi,5,243,313,empty,T
person23_running_d1,person23_running_d1_uncomp.avi,person23_running_d1_s3_running_original.avi,6,314,342,running,F
person23_running_d1,person23_running_d1_uncomp.avi,person23_running_d1_s3_running_flip.avi,6,314,342,running,T
person23_running_d2,person23_running_d2_uncomp.avi,person23_running_d2_s0_running_original.avi,0,1,64,running,F
person23_running_d2,person23_running_d2_uncomp.avi,person23_running_d2_s0_running_flip.avi,0,1,64,running,T
person23_running_d2,person23_running_d2_uncomp.avi,person23_empty_d2_s0_running_original.avi,1,65,87,empty,F
person23_running_d2,person23_running_d2_uncomp.avi,person23_empty_d2_s0_running_flip.avi,1,65,87,empty,T
person23_running_d2,person23_running_d2_uncomp.avi,person23_running_d2_s1_running_original.avi,2,88,160,running,F
person23_running_d2,person23_running_d2_uncomp.avi,person23_running_d2_s1_running_flip.avi,2,88,160,running,T
person23_running_d2,person23_running_d2_uncomp.avi,person23_empty_d2_s1_running_original.avi,3,161,169,empty,F
person23_running_d2,person23_running_d2_uncomp.avi,person23_empty_d2_s1_running_flip.avi,3,161,169,empty,T
person23_running_d2,person23_running_d2_uncomp.avi,person23_running_d2_s2_running_original.avi,4,170,240,running,F
person23_running_d2,person23_running_d2_uncomp.avi,person23_running_d2_s2_running_flip.avi,4,170,240,running,T
person23_running_d2,person23_running_d2_uncomp.avi,person23_empty_d2_s2_running_original.avi,5,241,264,empty,F
person23_running_d2,person23_running_d2_uncomp.avi,person23_empty_d2_s2_running_flip.avi,5,241,264,empty,T
person23_running_d2,person23_running_d2_uncomp.avi,person23_running_d2_s3_running_original.avi,6,265,332,running,F
person23_running_d2,person23_running_d2_uncomp.avi,person23_running_d2_s3_running_flip.avi,6,265,332,running,T
person23_running_d3,person23_running_d3_uncomp.avi,person23_running_d3_s0_running_original.avi,0,1,32,running,F
person23_running_d3,person23_running_d3_uncomp.avi,person23_running_d3_s0_running_flip.avi,0,1,32,running,T
person23_running_d3,person23_running_d3_uncomp.avi,person23_empty_d3_s0_running_original.avi,1,33,69,empty,F
person23_running_d3,person23_running_d3_uncomp.avi,person23_empty_d3_s0_running_flip.avi,1,33,69,empty,T
person23_running_d3,person23_running_d3_uncomp.avi,person23_running_d3_s1_running_original.avi,2,70,102,running,F
person23_running_d3,person23_running_d3_uncomp.avi,person23_running_d3_s1_running_flip.avi,2,70,102,running,T
person23_running_d3,person23_running_d3_uncomp.avi,person23_empty_d3_s1_running_original.avi,3,103,171,empty,F
person23_running_d3,person23_running_d3_uncomp.avi,person23_empty_d3_s1_running_flip.avi,3,103,171,empty,T
person23_running_d3,person23_running_d3_uncomp.avi,person23_running_d3_s2_running_original.avi,4,172,200,running,F
person23_running_d3,person23_running_d3_uncomp.avi,person23_running_d3_s2_running_flip.avi,4,172,200,running,T
person23_running_d3,person23_running_d3_uncomp.avi,person23_empty_d3_s2_running_original.avi,5,201,249,empty,F
person23_running_d3,person23_running_d3_uncomp.avi,person23_empty_d3_s2_running_flip.avi,5,201,249,empty,T
person23_running_d3,person23_running_d3_uncomp.avi,person23_running_d3_s3_running_original.avi,6,250,280,running,F
person23_running_d3,person23_running_d3_uncomp.avi,person23_running_d3_s3_running_flip.avi,6,250,280,running,T
person23_running_d4,person23_running_d4_uncomp.avi,person23_running_d4_s0_running_original.avi,0,1,50,running,F
person23_running_d4,person23_running_d4_uncomp.avi,person23_running_d4_s0_running_flip.avi,0,1,50,running,T
person23_running_d4,person23_running_d4_uncomp.avi,person23_empty_d4_s0_running_original.avi,1,51,57,empty,F
person23_running_d4,person23_running_d4_uncomp.avi,person23_empty_d4_s0_running_flip.avi,1,51,57,empty,T
person23_running_d4,person23_running_d4_uncomp.avi,person23_running_d4_s1_running_original.avi,2,58,100,running,F
person23_running_d4,person23_running_d4_uncomp.avi,person23_running_d4_s1_running_flip.avi,2,58,100,running,T
person23_running_d4,person23_running_d4_uncomp.avi,person23_empty_d4_s1_running_original.avi,3,101,101,empty,F
person23_running_d4,person23_running_d4_uncomp.avi,person23_empty_d4_s1_running_flip.avi,3,101,101,empty,T
person23_running_d4,person23_running_d4_uncomp.avi,person23_running_d4_s2_running_original.avi,4,102,148,running,F
person23_running_d4,person23_running_d4_uncomp.avi,person23_running_d4_s2_running_flip.avi,4,102,148,running,T
person23_running_d4,person23_running_d4_uncomp.avi,person23_empty_d4_s2_running_original.avi,5,149,163,empty,F
person23_running_d4,person23_running_d4_uncomp.avi,person23_empty_d4_s2_running_flip.avi,5,149,163,empty,T
person23_running_d4,person23_running_d4_uncomp.avi,person23_running_d4_s3_running_original.avi,6,164,204,running,F
person23_running_d4,person23_running_d4_uncomp.avi,person23_running_d4_s3_running_flip.avi,6,164,204,running,T
person23_walking_d1,person23_walking_d1_uncomp.avi,person23_walking_d1_s0_walking_original.avi,0,1,80,walking,F
person23_walking_d1,person23_walking_d1_uncomp.avi,person23_walking_d1_s0_walking_flip.avi,0,1,80,walking,T
person23_walking_d1,person23_walking_d1_uncomp.avi,person23_empty_d1_s0_walking_original.avi,1,81,155,empty,F
person23_walking_d1,person23_walking_d1_uncomp.avi,person23_empty_d1_s0_walking_flip.avi,1,81,155,empty,T
person23_walking_d1,person23_walking_d1_uncomp.avi,person23_walking_d1_s1_walking_original.avi,2,156,250,walking,F
person23_walking_d1,person23_walking_d1_uncomp.avi,person23_walking_d1_s1_walking_flip.avi,2,156,250,walking,T
person23_walking_d1,person23_walking_d1_uncomp.avi,person23_empty_d1_s1_walking_original.avi,3,251,345,empty,F
person23_walking_d1,person23_walking_d1_uncomp.avi,person23_empty_d1_s1_walking_flip.avi,3,251,345,empty,T
person23_walking_d1,person23_walking_d1_uncomp.avi,person23_walking_d1_s2_walking_original.avi,4,346,440,walking,F
person23_walking_d1,person23_walking_d1_uncomp.avi,person23_walking_d1_s2_walking_flip.avi,4,346,440,walking,T
person23_walking_d1,person23_walking_d1_uncomp.avi,person23_empty_d1_s2_walking_original.avi,5,441,497,empty,F
person23_walking_d1,person23_walking_d1_uncomp.avi,person23_empty_d1_s2_walking_flip.avi,5,441,497,empty,T
person23_walking_d1,person23_walking_d1_uncomp.avi,person23_walking_d1_s3_walking_original.avi,6,498,590,walking,F
person23_walking_d1,person23_walking_d1_uncomp.avi,person23_walking_d1_s3_walking_flip.avi,6,498,590,walking,T
person23_walking_d2,person23_walking_d2_uncomp.avi,person23_walking_d2_s0_walking_original.avi,0,1,174,walking,F
person23_walking_d2,person23_walking_d2_uncomp.avi,person23_walking_d2_s0_walking_flip.avi,0,1,174,walking,T
person23_walking_d2,person23_walking_d2_uncomp.avi,person23_empty_d2_s0_walking_original.avi,1,175,229,empty,F
person23_walking_d2,person23_walking_d2_uncomp.avi,person23_empty_d2_s0_walking_flip.avi,1,175,229,empty,T
person23_walking_d2,person23_walking_d2_uncomp.avi,person23_walking_d2_s1_walking_original.avi,2,230,426,walking,F
person23_walking_d2,person23_walking_d2_uncomp.avi,person23_walking_d2_s1_walking_flip.avi,2,230,426,walking,T
person23_walking_d2,person23_walking_d2_uncomp.avi,person23_empty_d2_s1_walking_original.avi,3,427,441,empty,F
person23_walking_d2,person23_walking_d2_uncomp.avi,person23_empty_d2_s1_walking_flip.avi,3,427,441,empty,T
person23_walking_d2,person23_walking_d2_uncomp.avi,person23_walking_d2_s2_walking_original.avi,4,442,634,walking,F
person23_walking_d2,person23_walking_d2_uncomp.avi,person23_walking_d2_s2_walking_flip.avi,4,442,634,walking,T
person23_walking_d2,person23_walking_d2_uncomp.avi,person23_empty_d2_s2_walking_original.avi,5,635,671,empty,F
person23_walking_d2,person23_walking_d2_uncomp.avi,person23_empty_d2_s2_walking_flip.avi,5,635,671,empty,T
person23_walking_d2,person23_walking_d2_uncomp.avi,person23_walking_d2_s3_walking_original.avi,6,672,850,walking,F
person23_walking_d2,person23_walking_d2_uncomp.avi,person23_walking_d2_s3_walking_flip.avi,6,672,850,walking,T
person23_walking_d3,person23_walking_d3_uncomp.avi,person23_walking_d3_s0_walking_original.avi,0,1,84,walking,F
person23_walking_d3,person23_walking_d3_uncomp.avi,person23_walking_d3_s0_walking_flip.avi,0,1,84,walking,T
person23_walking_d3,person23_walking_d3_uncomp.avi,person23_empty_d3_s0_walking_original.avi,1,85,127,empty,F
person23_walking_d3,person23_walking_d3_uncomp.avi,person23_empty_d3_s0_walking_flip.avi,1,85,127,empty,T
person23_walking_d3,person23_walking_d3_uncomp.avi,person23_walking_d3_s1_walking_original.avi,2,128,212,walking,F
person23_walking_d3,person23_walking_d3_uncomp.avi,person23_walking_d3_s1_walking_flip.avi,2,128,212,walking,T
person23_walking_d3,person23_walking_d3_uncomp.avi,person23_empty_d3_s1_walking_original.avi,3,213,341,empty,F
person23_walking_d3,person23_walking_d3_uncomp.avi,person23_empty_d3_s1_walking_flip.avi,3,213,341,empty,T
person23_walking_d3,person23_walking_d3_uncomp.avi,person23_walking_d3_s2_walking_original.avi,4,342,424,walking,F
person23_walking_d3,person23_walking_d3_uncomp.avi,person23_walking_d3_s2_walking_flip.avi,4,342,424,walking,T
person23_walking_d3,person23_walking_d3_uncomp.avi,person23_empty_d3_s2_walking_original.avi,5,425,479,empty,F
person23_walking_d3,person23_walking_d3_uncomp.avi,person23_empty_d3_s2_walking_flip.avi,5,425,479,empty,T
person23_walking_d3,person23_walking_d3_uncomp.avi,person23_walking_d3_s3_walking_original.avi,6,480,555,walking,F
person23_walking_d3,person23_walking_d3_uncomp.avi,person23_walking_d3_s3_walking_flip.avi,6,480,555,walking,T
person23_walking_d4,person23_walking_d4_uncomp.avi,person23_walking_d4_s0_walking_original.avi,0,1,94,walking,F
person23_walking_d4,person23_walking_d4_uncomp.avi,person23_walking_d4_s0_walking_flip.avi,0,1,94,walking,T
person23_walking_d4,person23_walking_d4_uncomp.avi,person23_empty_d4_s0_walking_original.avi,1,95,133,empty,F
person23_walking_d4,person23_walking_d4_uncomp.avi,person23_empty_d4_s0_walking_flip.avi,1,95,133,empty,T
person23_walking_d4,person23_walking_d4_uncomp.avi,person23_walking_d4_s1_walking_original.avi,2,134,234,walking,F
person23_walking_d4,person23_walking_d4_uncomp.avi,person23_walking_d4_s1_walking_flip.avi,2,134,234,walking,T
person23_walking_d4,person23_walking_d4_uncomp.avi,person23_empty_d4_s1_walking_original.avi,3,235,241,empty,F
person23_walking_d4,person23_walking_d4_uncomp.avi,person23_empty_d4_s1_walking_flip.avi,3,235,241,empty,T
person23_walking_d4,person23_walking_d4_uncomp.avi,person23_walking_d4_s2_walking_original.avi,4,242,330,walking,F
person23_walking_d4,person23_walking_d4_uncomp.avi,person23_walking_d4_s2_walking_flip.avi,4,242,330,walking,T
person23_walking_d4,person23_walking_d4_uncomp.avi,person23_empty_d4_s2_walking_original.avi,5,331,379,empty,F
person23_walking_d4,person23_walking_d4_uncomp.avi,person23_empty_d4_s2_walking_flip.avi,5,331,379,empty,T
person23_walking_d4,person23_walking_d4_uncomp.avi,person23_walking_d4_s3_walking_original.avi,6,380,478,walking,F
person23_walking_d4,person23_walking_d4_uncomp.avi,person23_walking_d4_s3_walking_flip.avi,6,380,478,walking,T
person24_boxing_d1,person24_boxing_d1_uncomp.avi,person24_boxing_d1_s0_boxing_original.avi,0,1,112,boxing,F
person24_boxing_d1,person24_boxing_d1_uncomp.avi,person24_boxing_d1_s0_boxing_flip.avi,0,1,112,boxing,T
person24_boxing_d1,person24_boxing_d1_uncomp.avi,person24_boxing_d1_s1_boxing_original.avi,1,113,190,boxing,F
person24_boxing_d1,person24_boxing_d1_uncomp.avi,person24_boxing_d1_s1_boxing_flip.avi,1,113,190,boxing,T
person24_boxing_d1,person24_boxing_d1_uncomp.avi,person24_boxing_d1_s2_boxing_original.avi,2,191,280,boxing,F
person24_boxing_d1,person24_boxing_d1_uncomp.avi,person24_boxing_d1_s2_boxing_flip.avi,2,191,280,boxing,T
person24_boxing_d1,person24_boxing_d1_uncomp.avi,person24_boxing_d1_s3_boxing_original.avi,3,281,366,boxing,F
person24_boxing_d1,person24_boxing_d1_uncomp.avi,person24_boxing_d1_s3_boxing_flip.avi,3,281,366,boxing,T
person24_boxing_d2,person24_boxing_d2_uncomp.avi,person24_boxing_d2_s0_boxing_original.avi,0,1,122,boxing,F
person24_boxing_d2,person24_boxing_d2_uncomp.avi,person24_boxing_d2_s0_boxing_flip.avi,0,1,122,boxing,T
person24_boxing_d2,person24_boxing_d2_uncomp.avi,person24_boxing_d2_s1_boxing_original.avi,1,123,246,boxing,F
person24_boxing_d2,person24_boxing_d2_uncomp.avi,person24_boxing_d2_s1_boxing_flip.avi,1,123,246,boxing,T
person24_boxing_d2,person24_boxing_d2_uncomp.avi,person24_empty_d2_s0_boxing_original.avi,2,247,274,empty,F
person24_boxing_d2,person24_boxing_d2_uncomp.avi,person24_empty_d2_s0_boxing_flip.avi,2,247,274,empty,T
person24_boxing_d2,person24_boxing_d2_uncomp.avi,person24_boxing_d2_s2_boxing_original.avi,3,275,348,boxing,F
person24_boxing_d2,person24_boxing_d2_uncomp.avi,person24_boxing_d2_s2_boxing_flip.avi,3,275,348,boxing,T
person24_boxing_d2,person24_boxing_d2_uncomp.avi,person24_boxing_d2_s3_boxing_original.avi,4,349,452,boxing,F
person24_boxing_d2,person24_boxing_d2_uncomp.avi,person24_boxing_d2_s3_boxing_flip.avi,4,349,452,boxing,T
person24_boxing_d3,person24_boxing_d3_uncomp.avi,person24_boxing_d3_s0_boxing_original.avi,0,1,94,boxing,F
person24_boxing_d3,person24_boxing_d3_uncomp.avi,person24_boxing_d3_s0_boxing_flip.avi,0,1,94,boxing,T
person24_boxing_d3,person24_boxing_d3_uncomp.avi,person24_boxing_d3_s1_boxing_original.avi,1,95,188,boxing,F
person24_boxing_d3,person24_boxing_d3_uncomp.avi,person24_boxing_d3_s1_boxing_flip.avi,1,95,188,boxing,T
person24_boxing_d3,person24_boxing_d3_uncomp.avi,person24_boxing_d3_s2_boxing_original.avi,2,189,294,boxing,F
person24_boxing_d3,person24_boxing_d3_uncomp.avi,person24_boxing_d3_s2_boxing_flip.avi,2,189,294,boxing,T
person24_boxing_d3,person24_boxing_d3_uncomp.avi,person24_boxing_d3_s3_boxing_original.avi,3,295,390,boxing,F
person24_boxing_d3,person24_boxing_d3_uncomp.avi,person24_boxing_d3_s3_boxing_flip.avi,3,295,390,boxing,T
person24_boxing_d4,person24_boxing_d4_uncomp.avi,person24_boxing_d4_s0_boxing_original.avi,0,1,110,boxing,F
person24_boxing_d4,person24_boxing_d4_uncomp.avi,person24_boxing_d4_s0_boxing_flip.avi,0,1,110,boxing,T
person24_boxing_d4,person24_boxing_d4_uncomp.avi,person24_boxing_d4_s1_boxing_original.avi,1,111,190,boxing,F
person24_boxing_d4,person24_boxing_d4_uncomp.avi,person24_boxing_d4_s1_boxing_flip.avi,1,111,190,boxing,T
person24_boxing_d4,person24_boxing_d4_uncomp.avi,person24_boxing_d4_s2_boxing_original.avi,2,191,268,boxing,F
person24_boxing_d4,person24_boxing_d4_uncomp.avi,person24_boxing_d4_s2_boxing_flip.avi,2,191,268,boxing,T
person24_boxing_d4,person24_boxing_d4_uncomp.avi,person24_boxing_d4_s3_boxing_original.avi,3,269,382,boxing,F
person24_boxing_d4,person24_boxing_d4_uncomp.avi,person24_boxing_d4_s3_boxing_flip.avi,3,269,382,boxing,T
person24_handclapping_d1,person24_handclapping_d1_uncomp.avi,person24_handclapping_d1_s0_handclapping_original.avi,0,1,94,handclapping,F
person24_handclapping_d1,person24_handclapping_d1_uncomp.avi,person24_handclapping_d1_s0_handclapping_flip.avi,0,1,94,handclapping,T
person24_handclapping_d1,person24_handclapping_d1_uncomp.avi,person24_handclapping_d1_s1_handclapping_original.avi,1,95,192,handclapping,F
person24_handclapping_d1,person24_handclapping_d1_uncomp.avi,person24_handclapping_d1_s1_handclapping_flip.avi,1,95,192,handclapping,T
person24_handclapping_d1,person24_handclapping_d1_uncomp.avi,person24_handclapping_d1_s2_handclapping_original.avi,2,193,310,handclapping,F
person24_handclapping_d1,person24_handclapping_d1_uncomp.avi,person24_handclapping_d1_s2_handclapping_flip.avi,2,193,310,handclapping,T
person24_handclapping_d1,person24_handclapping_d1_uncomp.avi,person24_handclapping_d1_s3_handclapping_original.avi,3,311,380,handclapping,F
person24_handclapping_d1,person24_handclapping_d1_uncomp.avi,person24_handclapping_d1_s3_handclapping_flip.avi,3,311,380,handclapping,T
person24_handclapping_d2,person24_handclapping_d2_uncomp.avi,person24_handclapping_d2_s0_handclapping_original.avi,0,1,92,handclapping,F
person24_handclapping_d2,person24_handclapping_d2_uncomp.avi,person24_handclapping_d2_s0_handclapping_flip.avi,0,1,92,handclapping,T
person24_handclapping_d2,person24_handclapping_d2_uncomp.avi,person24_handclapping_d2_s1_handclapping_original.avi,1,93,208,handclapping,F
person24_handclapping_d2,person24_handclapping_d2_uncomp.avi,person24_handclapping_d2_s1_handclapping_flip.avi,1,93,208,handclapping,T
person24_handclapping_d2,person24_handclapping_d2_uncomp.avi,person24_handclapping_d2_s2_handclapping_original.avi,2,209,280,handclapping,F
person24_handclapping_d2,person24_handclapping_d2_uncomp.avi,person24_handclapping_d2_s2_handclapping_flip.avi,2,209,280,handclapping,T
person24_handclapping_d2,person24_handclapping_d2_uncomp.avi,person24_handclapping_d2_s3_handclapping_original.avi,3,281,385,handclapping,F
person24_handclapping_d2,person24_handclapping_d2_uncomp.avi,person24_handclapping_d2_s3_handclapping_flip.avi,3,281,385,handclapping,T
person24_handclapping_d3,person24_handclapping_d3_uncomp.avi,person24_handclapping_d3_s0_handclapping_original.avi,0,1,90,handclapping,F
person24_handclapping_d3,person24_handclapping_d3_uncomp.avi,person24_handclapping_d3_s0_handclapping_flip.avi,0,1,90,handclapping,T
person24_handclapping_d3,person24_handclapping_d3_uncomp.avi,person24_handclapping_d3_s1_handclapping_original.avi,1,91,200,handclapping,F
person24_handclapping_d3,person24_handclapping_d3_uncomp.avi,person24_handclapping_d3_s1_handclapping_flip.avi,1,91,200,handclapping,T
person24_handclapping_d3,person24_handclapping_d3_uncomp.avi,person24_handclapping_d3_s2_handclapping_original.avi,2,201,314,handclapping,F
person24_handclapping_d3,person24_handclapping_d3_uncomp.avi,person24_handclapping_d3_s2_handclapping_flip.avi,2,201,314,handclapping,T
person24_handclapping_d3,person24_handclapping_d3_uncomp.avi,person24_handclapping_d3_s3_handclapping_original.avi,3,315,402,handclapping,F
person24_handclapping_d3,person24_handclapping_d3_uncomp.avi,person24_handclapping_d3_s3_handclapping_flip.avi,3,315,402,handclapping,T
person24_handclapping_d4,person24_handclapping_d4_uncomp.avi,person24_handclapping_d4_s0_handclapping_original.avi,0,1,86,handclapping,F
person24_handclapping_d4,person24_handclapping_d4_uncomp.avi,person24_handclapping_d4_s0_handclapping_flip.avi,0,1,86,handclapping,T
person24_handclapping_d4,person24_handclapping_d4_uncomp.avi,person24_handclapping_d4_s1_handclapping_original.avi,1,87,194,handclapping,F
person24_handclapping_d4,person24_handclapping_d4_uncomp.avi,person24_handclapping_d4_s1_handclapping_flip.avi,1,87,194,handclapping,T
person24_handclapping_d4,person24_handclapping_d4_uncomp.avi,person24_handclapping_d4_s2_handclapping_original.avi,2,195,262,handclapping,F
person24_handclapping_d4,person24_handclapping_d4_uncomp.avi,person24_handclapping_d4_s2_handclapping_flip.avi,2,195,262,handclapping,T
person24_handclapping_d4,person24_handclapping_d4_uncomp.avi,person24_handclapping_d4_s3_handclapping_original.avi,3,263,350,handclapping,F
person24_handclapping_d4,person24_handclapping_d4_uncomp.avi,person24_handclapping_d4_s3_handclapping_flip.avi,3,263,350,handclapping,T
person24_handwaving_d1,person24_handwaving_d1_uncomp.avi,person24_handwaving_d1_s0_handwaving_original.avi,0,1,138,handwaving,F
person24_handwaving_d1,person24_handwaving_d1_uncomp.avi,person24_handwaving_d1_s0_handwaving_flip.avi,0,1,138,handwaving,T
person24_handwaving_d1,person24_handwaving_d1_uncomp.avi,person24_handwaving_d1_s1_handwaving_original.avi,1,139,270,handwaving,F
person24_handwaving_d1,person24_handwaving_d1_uncomp.avi,person24_handwaving_d1_s1_handwaving_flip.avi,1,139,270,handwaving,T
person24_handwaving_d1,person24_handwaving_d1_uncomp.avi,person24_handwaving_d1_s2_handwaving_original.avi,2,271,454,handwaving,F
person24_handwaving_d1,person24_handwaving_d1_uncomp.avi,person24_handwaving_d1_s2_handwaving_flip.avi,2,271,454,handwaving,T
person24_handwaving_d1,person24_handwaving_d1_uncomp.avi,person24_handwaving_d1_s3_handwaving_original.avi,3,455,588,handwaving,F
person24_handwaving_d1,person24_handwaving_d1_uncomp.avi,person24_handwaving_d1_s3_handwaving_flip.avi,3,455,588,handwaving,T
person24_handwaving_d2,person24_handwaving_d2_uncomp.avi,person24_handwaving_d2_s0_handwaving_original.avi,0,1,140,handwaving,F
person24_handwaving_d2,person24_handwaving_d2_uncomp.avi,person24_handwaving_d2_s0_handwaving_flip.avi,0,1,140,handwaving,T
person24_handwaving_d2,person24_handwaving_d2_uncomp.avi,person24_handwaving_d2_s1_handwaving_original.avi,1,141,278,handwaving,F
person24_handwaving_d2,person24_handwaving_d2_uncomp.avi,person24_handwaving_d2_s1_handwaving_flip.avi,1,141,278,handwaving,T
person24_handwaving_d2,person24_handwaving_d2_uncomp.avi,person24_handwaving_d2_s2_handwaving_original.avi,2,279,417,handwaving,F
person24_handwaving_d2,person24_handwaving_d2_uncomp.avi,person24_handwaving_d2_s2_handwaving_flip.avi,2,279,417,handwaving,T
person24_handwaving_d2,person24_handwaving_d2_uncomp.avi,person24_handwaving_d2_s3_handwaving_original.avi,3,418,510,handwaving,F
person24_handwaving_d2,person24_handwaving_d2_uncomp.avi,person24_handwaving_d2_s3_handwaving_flip.avi,3,418,510,handwaving,T
person24_handwaving_d3,person24_handwaving_d3_uncomp.avi,person24_handwaving_d3_s0_handwaving_original.avi,0,1,126,handwaving,F
person24_handwaving_d3,person24_handwaving_d3_uncomp.avi,person24_handwaving_d3_s0_handwaving_flip.avi,0,1,126,handwaving,T
person24_handwaving_d3,person24_handwaving_d3_uncomp.avi,person24_handwaving_d3_s1_handwaving_original.avi,1,127,258,handwaving,F
person24_handwaving_d3,person24_handwaving_d3_uncomp.avi,person24_handwaving_d3_s1_handwaving_flip.avi,1,127,258,handwaving,T
person24_handwaving_d3,person24_handwaving_d3_uncomp.avi,person24_handwaving_d3_s2_handwaving_original.avi,2,259,345,handwaving,F
person24_handwaving_d3,person24_handwaving_d3_uncomp.avi,person24_handwaving_d3_s2_handwaving_flip.avi,2,259,345,handwaving,T
person24_handwaving_d3,person24_handwaving_d3_uncomp.avi,person24_handwaving_d3_s3_handwaving_original.avi,3,346,520,handwaving,F
person24_handwaving_d3,person24_handwaving_d3_uncomp.avi,person24_handwaving_d3_s3_handwaving_flip.avi,3,346,520,handwaving,T
person24_handwaving_d4,person24_handwaving_d4_uncomp.avi,person24_handwaving_d4_s0_handwaving_original.avi,0,1,134,handwaving,F
person24_handwaving_d4,person24_handwaving_d4_uncomp.avi,person24_handwaving_d4_s0_handwaving_flip.avi,0,1,134,handwaving,T
person24_handwaving_d4,person24_handwaving_d4_uncomp.avi,person24_handwaving_d4_s1_handwaving_original.avi,1,135,265,handwaving,F
person24_handwaving_d4,person24_handwaving_d4_uncomp.avi,person24_handwaving_d4_s1_handwaving_flip.avi,1,135,265,handwaving,T
person24_handwaving_d4,person24_handwaving_d4_uncomp.avi,person24_handwaving_d4_s2_handwaving_original.avi,2,266,352,handwaving,F
person24_handwaving_d4,person24_handwaving_d4_uncomp.avi,person24_handwaving_d4_s2_handwaving_flip.avi,2,266,352,handwaving,T
person24_handwaving_d4,person24_handwaving_d4_uncomp.avi,person24_handwaving_d4_s3_handwaving_original.avi,3,353,525,handwaving,F
person24_handwaving_d4,person24_handwaving_d4_uncomp.avi,person24_handwaving_d4_s3_handwaving_flip.avi,3,353,525,handwaving,T
person24_jogging_d1,person24_jogging_d1_uncomp.avi,person24_jogging_d1_s0_jogging_original.avi,0,1,55,jogging,F
person24_jogging_d1,person24_jogging_d1_uncomp.avi,person24_jogging_d1_s0_jogging_flip.avi,0,1,55,jogging,T
person24_jogging_d1,person24_jogging_d1_uncomp.avi,person24_empty_d1_s0_jogging_original.avi,1,56,165,empty,F
person24_jogging_d1,person24_jogging_d1_uncomp.avi,person24_empty_d1_s0_jogging_flip.avi,1,56,165,empty,T
person24_jogging_d1,person24_jogging_d1_uncomp.avi,person24_jogging_d1_s1_jogging_original.avi,2,166,222,jogging,F
person24_jogging_d1,person24_jogging_d1_uncomp.avi,person24_jogging_d1_s1_jogging_flip.avi,2,166,222,jogging,T
person24_jogging_d1,person24_jogging_d1_uncomp.avi,person24_empty_d1_s1_jogging_original.avi,3,223,389,empty,F
person24_jogging_d1,person24_jogging_d1_uncomp.avi,person24_empty_d1_s1_jogging_flip.avi,3,223,389,empty,T
person24_jogging_d1,person24_jogging_d1_uncomp.avi,person24_jogging_d1_s2_jogging_original.avi,4,390,448,jogging,F
person24_jogging_d1,person24_jogging_d1_uncomp.avi,person24_jogging_d1_s2_jogging_flip.avi,4,390,448,jogging,T
person24_jogging_d1,person24_jogging_d1_uncomp.avi,person24_empty_d1_s2_jogging_original.avi,5,449,517,empty,F
person24_jogging_d1,person24_jogging_d1_uncomp.avi,person24_empty_d1_s2_jogging_flip.avi,5,449,517,empty,T
person24_jogging_d1,person24_jogging_d1_uncomp.avi,person24_jogging_d1_s3_jogging_original.avi,6,518,570,jogging,F
person24_jogging_d1,person24_jogging_d1_uncomp.avi,person24_jogging_d1_s3_jogging_flip.avi,6,518,570,jogging,T
person24_jogging_d2,person24_jogging_d2_uncomp.avi,person24_jogging_d2_s0_jogging_original.avi,0,1,108,jogging,F
person24_jogging_d2,person24_jogging_d2_uncomp.avi,person24_jogging_d2_s0_jogging_flip.avi,0,1,108,jogging,T
person24_jogging_d2,person24_jogging_d2_uncomp.avi,person24_empty_d2_s0_jogging_original.avi,1,109,167,empty,F
person24_jogging_d2,person24_jogging_d2_uncomp.avi,person24_empty_d2_s0_jogging_flip.avi,1,109,167,empty,T
person24_jogging_d2,person24_jogging_d2_uncomp.avi,person24_jogging_d2_s1_jogging_original.avi,2,168,272,jogging,F
person24_jogging_d2,person24_jogging_d2_uncomp.avi,person24_jogging_d2_s1_jogging_flip.avi,2,168,272,jogging,T
person24_jogging_d2,person24_jogging_d2_uncomp.avi,person24_empty_d2_s1_jogging_original.avi,3,273,377,empty,F
person24_jogging_d2,person24_jogging_d2_uncomp.avi,person24_empty_d2_s1_jogging_flip.avi,3,273,377,empty,T
person24_jogging_d2,person24_jogging_d2_uncomp.avi,person24_jogging_d2_s2_jogging_original.avi,4,378,480,jogging,F
person24_jogging_d2,person24_jogging_d2_uncomp.avi,person24_jogging_d2_s2_jogging_flip.avi,4,378,480,jogging,T
person24_jogging_d2,person24_jogging_d2_uncomp.avi,person24_empty_d2_s2_jogging_original.avi,5,481,544,empty,F
person24_jogging_d2,person24_jogging_d2_uncomp.avi,person24_empty_d2_s2_jogging_flip.avi,5,481,544,empty,T
person24_jogging_d2,person24_jogging_d2_uncomp.avi,person24_jogging_d2_s3_jogging_original.avi,6,545,655,jogging,F
person24_jogging_d2,person24_jogging_d2_uncomp.avi,person24_jogging_d2_s3_jogging_flip.avi,6,545,655,jogging,T
person24_jogging_d3,person24_jogging_d3_uncomp.avi,person24_jogging_d3_s0_jogging_original.avi,0,1,55,jogging,F
person24_jogging_d3,person24_jogging_d3_uncomp.avi,person24_jogging_d3_s0_jogging_flip.avi,0,1,55,jogging,T
person24_jogging_d3,person24_jogging_d3_uncomp.avi,person24_empty_d3_s0_jogging_original.avi,1,56,127,empty,F
person24_jogging_d3,person24_jogging_d3_uncomp.avi,person24_empty_d3_s0_jogging_flip.avi,1,56,127,empty,T
person24_jogging_d3,person24_jogging_d3_uncomp.avi,person24_jogging_d3_s1_jogging_original.avi,2,128,184,jogging,F
person24_jogging_d3,person24_jogging_d3_uncomp.avi,person24_jogging_d3_s1_jogging_flip.avi,2,128,184,jogging,T
person24_jogging_d3,person24_jogging_d3_uncomp.avi,person24_empty_d3_s1_jogging_original.avi,3,185,249,empty,F
person24_jogging_d3,person24_jogging_d3_uncomp.avi,person24_empty_d3_s1_jogging_flip.avi,3,185,249,empty,T
person24_jogging_d3,person24_jogging_d3_uncomp.avi,person24_jogging_d3_s2_jogging_original.avi,4,250,310,jogging,F
person24_jogging_d3,person24_jogging_d3_uncomp.avi,person24_jogging_d3_s2_jogging_flip.avi,4,250,310,jogging,T
person24_jogging_d3,person24_jogging_d3_uncomp.avi,person24_empty_d3_s2_jogging_original.avi,5,311,391,empty,F
person24_jogging_d3,person24_jogging_d3_uncomp.avi,person24_empty_d3_s2_jogging_flip.avi,5,311,391,empty,T
person24_jogging_d3,person24_jogging_d3_uncomp.avi,person24_jogging_d3_s3_jogging_original.avi,6,392,452,jogging,F
person24_jogging_d3,person24_jogging_d3_uncomp.avi,person24_jogging_d3_s3_jogging_flip.avi,6,392,452,jogging,T
person24_jogging_d4,person24_jogging_d4_uncomp.avi,person24_jogging_d4_s0_jogging_original.avi,0,1,82,jogging,F
person24_jogging_d4,person24_jogging_d4_uncomp.avi,person24_jogging_d4_s0_jogging_flip.avi,0,1,82,jogging,T
person24_jogging_d4,person24_jogging_d4_uncomp.avi,person24_empty_d4_s0_jogging_original.avi,1,83,93,empty,F
person24_jogging_d4,person24_jogging_d4_uncomp.avi,person24_empty_d4_s0_jogging_flip.avi,1,83,93,empty,T
person24_jogging_d4,person24_jogging_d4_uncomp.avi,person24_jogging_d4_s1_jogging_original.avi,2,94,175,jogging,F
person24_jogging_d4,person24_jogging_d4_uncomp.avi,person24_jogging_d4_s1_jogging_flip.avi,2,94,175,jogging,T
person24_jogging_d4,person24_jogging_d4_uncomp.avi,person24_empty_d4_s1_jogging_original.avi,3,176,184,empty,F
person24_jogging_d4,person24_jogging_d4_uncomp.avi,person24_empty_d4_s1_jogging_flip.avi,3,176,184,empty,T
person24_jogging_d4,person24_jogging_d4_uncomp.avi,person24_jogging_d4_s2_jogging_original.avi,4,185,265,jogging,F
person24_jogging_d4,person24_jogging_d4_uncomp.avi,person24_jogging_d4_s2_jogging_flip.avi,4,185,265,jogging,T
person24_jogging_d4,person24_jogging_d4_uncomp.avi,person24_empty_d4_s2_jogging_original.avi,5,266,294,empty,F
person24_jogging_d4,person24_jogging_d4_uncomp.avi,person24_empty_d4_s2_jogging_flip.avi,5,266,294,empty,T
person24_jogging_d4,person24_jogging_d4_uncomp.avi,person24_jogging_d4_s3_jogging_original.avi,6,295,375,jogging,F
person24_jogging_d4,person24_jogging_d4_uncomp.avi,person24_jogging_d4_s3_jogging_flip.avi,6,295,375,jogging,T
person24_running_d1,person24_running_d1_uncomp.avi,person24_running_d1_s0_running_original.avi,0,1,32,running,F
person24_running_d1,person24_running_d1_uncomp.avi,person24_running_d1_s0_running_flip.avi,0,1,32,running,T
person24_running_d1,person24_running_d1_uncomp.avi,person24_empty_d1_s0_running_original.avi,1,33,107,empty,F
person24_running_d1,person24_running_d1_uncomp.avi,person24_empty_d1_s0_running_flip.avi,1,33,107,empty,T
person24_running_d1,person24_running_d1_uncomp.avi,person24_running_d1_s1_running_original.avi,2,108,140,running,F
person24_running_d1,person24_running_d1_uncomp.avi,person24_running_d1_s1_running_flip.avi,2,108,140,running,T
person24_running_d1,person24_running_d1_uncomp.avi,person24_empty_d1_s1_running_original.avi,3,141,225,empty,F
person24_running_d1,person24_running_d1_uncomp.avi,person24_empty_d1_s1_running_flip.avi,3,141,225,empty,T
person24_running_d1,person24_running_d1_uncomp.avi,person24_running_d1_s2_running_original.avi,4,226,260,running,F
person24_running_d1,person24_running_d1_uncomp.avi,person24_running_d1_s2_running_flip.avi,4,226,260,running,T
person24_running_d1,person24_running_d1_uncomp.avi,person24_empty_d1_s2_running_original.avi,5,261,339,empty,F
person24_running_d1,person24_running_d1_uncomp.avi,person24_empty_d1_s2_running_flip.avi,5,261,339,empty,T
person24_running_d1,person24_running_d1_uncomp.avi,person24_running_d1_s3_running_original.avi,6,340,376,running,F
person24_running_d1,person24_running_d1_uncomp.avi,person24_running_d1_s3_running_flip.avi,6,340,376,running,T
person24_running_d2,person24_running_d2_uncomp.avi,person24_running_d2_s0_running_original.avi,0,1,88,running,F
person24_running_d2,person24_running_d2_uncomp.avi,person24_running_d2_s0_running_flip.avi,0,1,88,running,T
person24_running_d2,person24_running_d2_uncomp.avi,person24_empty_d2_s0_running_original.avi,1,89,153,empty,F
person24_running_d2,person24_running_d2_uncomp.avi,person24_empty_d2_s0_running_flip.avi,1,89,153,empty,T
person24_running_d2,person24_running_d2_uncomp.avi,person24_running_d2_s1_running_original.avi,2,154,234,running,F
person24_running_d2,person24_running_d2_uncomp.avi,person24_running_d2_s1_running_flip.avi,2,154,234,running,T
person24_running_d2,person24_running_d2_uncomp.avi,person24_empty_d2_s1_running_original.avi,3,235,329,empty,F
person24_running_d2,person24_running_d2_uncomp.avi,person24_empty_d2_s1_running_flip.avi,3,235,329,empty,T
person24_running_d2,person24_running_d2_uncomp.avi,person24_running_d2_s2_running_original.avi,4,330,412,running,F
person24_running_d2,person24_running_d2_uncomp.avi,person24_running_d2_s2_running_flip.avi,4,330,412,running,T
person24_running_d2,person24_running_d2_uncomp.avi,person24_empty_d2_s2_running_original.avi,5,413,471,empty,F
person24_running_d2,person24_running_d2_uncomp.avi,person24_empty_d2_s2_running_flip.avi,5,413,471,empty,T
person24_running_d2,person24_running_d2_uncomp.avi,person24_running_d2_s3_running_original.avi,6,472,550,running,F
person24_running_d2,person24_running_d2_uncomp.avi,person24_running_d2_s3_running_flip.avi,6,472,550,running,T
person24_running_d3,person24_running_d3_uncomp.avi,person24_running_d3_s0_running_original.avi,0,1,40,running,F
person24_running_d3,person24_running_d3_uncomp.avi,person24_running_d3_s0_running_flip.avi,0,1,40,running,T
person24_running_d3,person24_running_d3_uncomp.avi,person24_empty_d3_s0_running_original.avi,1,41,109,empty,F
person24_running_d3,person24_running_d3_uncomp.avi,person24_empty_d3_s0_running_flip.avi,1,41,109,empty,T
person24_running_d3,person24_running_d3_uncomp.avi,person24_running_d3_s1_running_original.avi,2,110,150,running,F
person24_running_d3,person24_running_d3_uncomp.avi,person24_running_d3_s1_running_flip.avi,2,110,150,running,T
person24_running_d3,person24_running_d3_uncomp.avi,person24_empty_d3_s1_running_original.avi,3,151,227,empty,F
person24_running_d3,person24_running_d3_uncomp.avi,person24_empty_d3_s1_running_flip.avi,3,151,227,empty,T
person24_running_d3,person24_running_d3_uncomp.avi,person24_running_d3_s2_running_original.avi,4,228,270,running,F
person24_running_d3,person24_running_d3_uncomp.avi,person24_running_d3_s2_running_flip.avi,4,228,270,running,T
person24_running_d3,person24_running_d3_uncomp.avi,person24_empty_d3_s2_running_original.avi,5,271,353,empty,F
person24_running_d3,person24_running_d3_uncomp.avi,person24_empty_d3_s2_running_flip.avi,5,271,353,empty,T
person24_running_d3,person24_running_d3_uncomp.avi,person24_running_d3_s3_running_original.avi,6,354,392,running,F
person24_running_d3,person24_running_d3_uncomp.avi,person24_running_d3_s3_running_flip.avi,6,354,392,running,T
person24_running_d4,person24_running_d4_uncomp.avi,person24_running_d4_s0_running_original.avi,0,1,55,running,F
person24_running_d4,person24_running_d4_uncomp.avi,person24_running_d4_s0_running_flip.avi,0,1,55,running,T
person24_running_d4,person24_running_d4_uncomp.avi,person24_empty_d4_s0_running_original.avi,1,56,89,empty,F
person24_running_d4,person24_running_d4_uncomp.avi,person24_empty_d4_s0_running_flip.avi,1,56,89,empty,T
person24_running_d4,person24_running_d4_uncomp.avi,person24_running_d4_s1_running_original.avi,2,90,148,running,F
person24_running_d4,person24_running_d4_uncomp.avi,person24_running_d4_s1_running_flip.avi,2,90,148,running,T
person24_running_d4,person24_running_d4_uncomp.avi,person24_empty_d4_s1_running_original.avi,3,149,155,empty,F
person24_running_d4,person24_running_d4_uncomp.avi,person24_empty_d4_s1_running_flip.avi,3,149,155,empty,T
person24_running_d4,person24_running_d4_uncomp.avi,person24_running_d4_s2_running_original.avi,4,156,212,running,F
person24_running_d4,person24_running_d4_uncomp.avi,person24_running_d4_s2_running_flip.avi,4,156,212,running,T
person24_running_d4,person24_running_d4_uncomp.avi,person24_empty_d4_s2_running_original.avi,5,213,255,empty,F
person24_running_d4,person24_running_d4_uncomp.avi,person24_empty_d4_s2_running_flip.avi,5,213,255,empty,T
person24_running_d4,person24_running_d4_uncomp.avi,person24_running_d4_s3_running_original.avi,6,256,308,running,F
person24_running_d4,person24_running_d4_uncomp.avi,person24_running_d4_s3_running_flip.avi,6,256,308,running,T
person24_walking_d1,person24_walking_d1_uncomp.avi,person24_walking_d1_s0_walking_original.avi,0,1,80,walking,F
person24_walking_d1,person24_walking_d1_uncomp.avi,person24_walking_d1_s0_walking_flip.avi,0,1,80,walking,T
person24_walking_d1,person24_walking_d1_uncomp.avi,person24_empty_d1_s0_walking_original.avi,1,81,171,empty,F
person24_walking_d1,person24_walking_d1_uncomp.avi,person24_empty_d1_s0_walking_flip.avi,1,81,171,empty,T
person24_walking_d1,person24_walking_d1_uncomp.avi,person24_walking_d1_s1_walking_original.avi,2,172,248,walking,F
person24_walking_d1,person24_walking_d1_uncomp.avi,person24_walking_d1_s1_walking_flip.avi,2,172,248,walking,T
person24_walking_d1,person24_walking_d1_uncomp.avi,person24_empty_d1_s1_walking_original.avi,3,249,419,empty,F
person24_walking_d1,person24_walking_d1_uncomp.avi,person24_empty_d1_s1_walking_flip.avi,3,249,419,empty,T
person24_walking_d1,person24_walking_d1_uncomp.avi,person24_walking_d1_s2_walking_original.avi,4,420,500,walking,F
person24_walking_d1,person24_walking_d1_uncomp.avi,person24_walking_d1_s2_walking_flip.avi,4,420,500,walking,T
person24_walking_d1,person24_walking_d1_uncomp.avi,person24_empty_d1_s2_walking_original.avi,5,501,591,empty,F
person24_walking_d1,person24_walking_d1_uncomp.avi,person24_empty_d1_s2_walking_flip.avi,5,501,591,empty,T
person24_walking_d1,person24_walking_d1_uncomp.avi,person24_walking_d1_s3_walking_original.avi,6,592,664,walking,F
person24_walking_d1,person24_walking_d1_uncomp.avi,person24_walking_d1_s3_walking_flip.avi,6,592,664,walking,T
person24_walking_d2,person24_walking_d2_uncomp.avi,person24_walking_d2_s0_walking_original.avi,0,1,184,walking,F
person24_walking_d2,person24_walking_d2_uncomp.avi,person24_walking_d2_s0_walking_flip.avi,0,1,184,walking,T
person24_walking_d2,person24_walking_d2_uncomp.avi,person24_empty_d2_s0_walking_original.avi,1,185,271,empty,F
person24_walking_d2,person24_walking_d2_uncomp.avi,person24_empty_d2_s0_walking_flip.avi,1,185,271,empty,T
person24_walking_d2,person24_walking_d2_uncomp.avi,person24_walking_d2_s1_walking_original.avi,2,272,448,walking,F
person24_walking_d2,person24_walking_d2_uncomp.avi,person24_walking_d2_s1_walking_flip.avi,2,272,448,walking,T
person24_walking_d2,person24_walking_d2_uncomp.avi,person24_empty_d2_s1_walking_original.avi,3,449,543,empty,F
person24_walking_d2,person24_walking_d2_uncomp.avi,person24_empty_d2_s1_walking_flip.avi,3,449,543,empty,T
person24_walking_d2,person24_walking_d2_uncomp.avi,person24_walking_d2_s2_walking_original.avi,4,544,712,walking,F
person24_walking_d2,person24_walking_d2_uncomp.avi,person24_walking_d2_s2_walking_flip.avi,4,544,712,walking,T
person24_walking_d2,person24_walking_d2_uncomp.avi,person24_empty_d2_s2_walking_original.avi,5,713,796,empty,F
person24_walking_d2,person24_walking_d2_uncomp.avi,person24_empty_d2_s2_walking_flip.avi,5,713,796,empty,T
person24_walking_d2,person24_walking_d2_uncomp.avi,person24_walking_d2_s3_walking_original.avi,6,797,960,walking,F
person24_walking_d2,person24_walking_d2_uncomp.avi,person24_walking_d2_s3_walking_flip.avi,6,797,960,walking,T
person24_walking_d3,person24_walking_d3_uncomp.avi,person24_walking_d3_s0_walking_original.avi,0,1,80,walking,F
person24_walking_d3,person24_walking_d3_uncomp.avi,person24_walking_d3_s0_walking_flip.avi,0,1,80,walking,T
person24_walking_d3,person24_walking_d3_uncomp.avi,person24_empty_d3_s0_walking_original.avi,1,81,164,empty,F
person24_walking_d3,person24_walking_d3_uncomp.avi,person24_empty_d3_s0_walking_flip.avi,1,81,164,empty,T
person24_walking_d3,person24_walking_d3_uncomp.avi,person24_walking_d3_s1_walking_original.avi,2,165,245,walking,F
person24_walking_d3,person24_walking_d3_uncomp.avi,person24_walking_d3_s1_walking_flip.avi,2,165,245,walking,T
person24_walking_d3,person24_walking_d3_uncomp.avi,person24_empty_d3_s1_walking_original.avi,3,246,323,empty,F
person24_walking_d3,person24_walking_d3_uncomp.avi,person24_empty_d3_s1_walking_flip.avi,3,246,323,empty,T
person24_walking_d3,person24_walking_d3_uncomp.avi,person24_walking_d3_s2_walking_original.avi,4,324,402,walking,F
person24_walking_d3,person24_walking_d3_uncomp.avi,person24_walking_d3_s2_walking_flip.avi,4,324,402,walking,T
person24_walking_d3,person24_walking_d3_uncomp.avi,person24_empty_d3_s2_walking_original.avi,5,403,499,empty,F
person24_walking_d3,person24_walking_d3_uncomp.avi,person24_empty_d3_s2_walking_flip.avi,5,403,499,empty,T
person24_walking_d3,person24_walking_d3_uncomp.avi,person24_walking_d3_s3_walking_original.avi,6,500,580,walking,F
person24_walking_d3,person24_walking_d3_uncomp.avi,person24_walking_d3_s3_walking_flip.avi,6,500,580,walking,T
person24_walking_d4,person24_walking_d4_uncomp.avi,person24_walking_d4_s0_walking_original.avi,0,1,88,walking,F
person24_walking_d4,person24_walking_d4_uncomp.avi,person24_walking_d4_s0_walking_flip.avi,0,1,88,walking,T
person24_walking_d4,person24_walking_d4_uncomp.avi,person24_empty_d4_s0_walking_original.avi,1,89,103,empty,F
person24_walking_d4,person24_walking_d4_uncomp.avi,person24_empty_d4_s0_walking_flip.avi,1,89,103,empty,T
person24_walking_d4,person24_walking_d4_uncomp.avi,person24_walking_d4_s1_walking_original.avi,2,104,196,walking,F
person24_walking_d4,person24_walking_d4_uncomp.avi,person24_walking_d4_s1_walking_flip.avi,2,104,196,walking,T
person24_walking_d4,person24_walking_d4_uncomp.avi,person24_empty_d4_s1_walking_original.avi,3,197,205,empty,F
person24_walking_d4,person24_walking_d4_uncomp.avi,person24_empty_d4_s1_walking_flip.avi,3,197,205,empty,T
person24_walking_d4,person24_walking_d4_uncomp.avi,person24_walking_d4_s2_walking_original.avi,4,206,290,walking,F
person24_walking_d4,person24_walking_d4_uncomp.avi,person24_walking_d4_s2_walking_flip.avi,4,206,290,walking,T
person24_walking_d4,person24_walking_d4_uncomp.avi,person24_empty_d4_s2_walking_original.avi,5,291,304,empty,F
person24_walking_d4,person24_walking_d4_uncomp.avi,person24_empty_d4_s2_walking_flip.avi,5,291,304,empty,T
person24_walking_d4,person24_walking_d4_uncomp.avi,person24_walking_d4_s3_walking_original.avi,6,305,395,walking,F
person24_walking_d4,person24_walking_d4_uncomp.avi,person24_walking_d4_s3_walking_flip.avi,6,305,395,walking,T
person25_boxing_d1,person25_boxing_d1_uncomp.avi,person25_boxing_d1_s0_boxing_original.avi,0,1,108,boxing,F
person25_boxing_d1,person25_boxing_d1_uncomp.avi,person25_boxing_d1_s0_boxing_flip.avi,0,1,108,boxing,T
person25_boxing_d1,person25_boxing_d1_uncomp.avi,person25_boxing_d1_s1_boxing_original.avi,1,109,195,boxing,F
person25_boxing_d1,person25_boxing_d1_uncomp.avi,person25_boxing_d1_s1_boxing_flip.avi,1,109,195,boxing,T
person25_boxing_d1,person25_boxing_d1_uncomp.avi,person25_boxing_d1_s2_boxing_original.avi,2,196,305,boxing,F
person25_boxing_d1,person25_boxing_d1_uncomp.avi,person25_boxing_d1_s2_boxing_flip.avi,2,196,305,boxing,T
person25_boxing_d1,person25_boxing_d1_uncomp.avi,person25_boxing_d1_s3_boxing_original.avi,3,306,396,boxing,F
person25_boxing_d1,person25_boxing_d1_uncomp.avi,person25_boxing_d1_s3_boxing_flip.avi,3,306,396,boxing,T
person25_boxing_d2,person25_boxing_d2_uncomp.avi,person25_boxing_d2_s0_boxing_original.avi,0,1,108,boxing,F
person25_boxing_d2,person25_boxing_d2_uncomp.avi,person25_boxing_d2_s0_boxing_flip.avi,0,1,108,boxing,T
person25_boxing_d2,person25_boxing_d2_uncomp.avi,person25_boxing_d2_s1_boxing_original.avi,1,109,218,boxing,F
person25_boxing_d2,person25_boxing_d2_uncomp.avi,person25_boxing_d2_s1_boxing_flip.avi,1,109,218,boxing,T
person25_boxing_d2,person25_boxing_d2_uncomp.avi,person25_boxing_d2_s2_boxing_original.avi,2,219,322,boxing,F
person25_boxing_d2,person25_boxing_d2_uncomp.avi,person25_boxing_d2_s2_boxing_flip.avi,2,219,322,boxing,T
person25_boxing_d2,person25_boxing_d2_uncomp.avi,person25_boxing_d2_s3_boxing_original.avi,3,323,456,boxing,F
person25_boxing_d2,person25_boxing_d2_uncomp.avi,person25_boxing_d2_s3_boxing_flip.avi,3,323,456,boxing,T
person25_boxing_d3,person25_boxing_d3_uncomp.avi,person25_boxing_d3_s0_boxing_original.avi,0,1,130,boxing,F
person25_boxing_d3,person25_boxing_d3_uncomp.avi,person25_boxing_d3_s0_boxing_flip.avi,0,1,130,boxing,T
person25_boxing_d3,person25_boxing_d3_uncomp.avi,person25_boxing_d3_s1_boxing_original.avi,1,131,244,boxing,F
person25_boxing_d3,person25_boxing_d3_uncomp.avi,person25_boxing_d3_s1_boxing_flip.avi,1,131,244,boxing,T
person25_boxing_d3,person25_boxing_d3_uncomp.avi,person25_boxing_d3_s2_boxing_original.avi,2,245,394,boxing,F
person25_boxing_d3,person25_boxing_d3_uncomp.avi,person25_boxing_d3_s2_boxing_flip.avi,2,245,394,boxing,T
person25_boxing_d3,person25_boxing_d3_uncomp.avi,person25_boxing_d3_s3_boxing_original.avi,3,395,474,boxing,F
person25_boxing_d3,person25_boxing_d3_uncomp.avi,person25_boxing_d3_s3_boxing_flip.avi,3,395,474,boxing,T
person25_boxing_d4,person25_boxing_d4_uncomp.avi,person25_boxing_d4_s0_boxing_original.avi,0,1,120,boxing,F
person25_boxing_d4,person25_boxing_d4_uncomp.avi,person25_boxing_d4_s0_boxing_flip.avi,0,1,120,boxing,T
person25_boxing_d4,person25_boxing_d4_uncomp.avi,person25_boxing_d4_s1_boxing_original.avi,1,121,224,boxing,F
person25_boxing_d4,person25_boxing_d4_uncomp.avi,person25_boxing_d4_s1_boxing_flip.avi,1,121,224,boxing,T
person25_boxing_d4,person25_boxing_d4_uncomp.avi,person25_boxing_d4_s2_boxing_original.avi,2,225,326,boxing,F
person25_boxing_d4,person25_boxing_d4_uncomp.avi,person25_boxing_d4_s2_boxing_flip.avi,2,225,326,boxing,T
person25_boxing_d4,person25_boxing_d4_uncomp.avi,person25_boxing_d4_s3_boxing_original.avi,3,327,460,boxing,F
person25_boxing_d4,person25_boxing_d4_uncomp.avi,person25_boxing_d4_s3_boxing_flip.avi,3,327,460,boxing,T
person25_handclapping_d1,person25_handclapping_d1_uncomp.avi,person25_handclapping_d1_s0_handclapping_original.avi,0,1,104,handclapping,F
person25_handclapping_d1,person25_handclapping_d1_uncomp.avi,person25_handclapping_d1_s0_handclapping_flip.avi,0,1,104,handclapping,T
person25_handclapping_d1,person25_handclapping_d1_uncomp.avi,person25_handclapping_d1_s1_handclapping_original.avi,1,105,208,handclapping,F
person25_handclapping_d1,person25_handclapping_d1_uncomp.avi,person25_handclapping_d1_s1_handclapping_flip.avi,1,105,208,handclapping,T
person25_handclapping_d1,person25_handclapping_d1_uncomp.avi,person25_handclapping_d1_s2_handclapping_original.avi,2,209,340,handclapping,F
person25_handclapping_d1,person25_handclapping_d1_uncomp.avi,person25_handclapping_d1_s2_handclapping_flip.avi,2,209,340,handclapping,T
person25_handclapping_d1,person25_handclapping_d1_uncomp.avi,person25_handclapping_d1_s3_handclapping_original.avi,3,341,418,handclapping,F
person25_handclapping_d1,person25_handclapping_d1_uncomp.avi,person25_handclapping_d1_s3_handclapping_flip.avi,3,341,418,handclapping,T
person25_handclapping_d2,person25_handclapping_d2_uncomp.avi,person25_handclapping_d2_s0_handclapping_original.avi,0,1,124,handclapping,F
person25_handclapping_d2,person25_handclapping_d2_uncomp.avi,person25_handclapping_d2_s0_handclapping_flip.avi,0,1,124,handclapping,T
person25_handclapping_d2,person25_handclapping_d2_uncomp.avi,person25_handclapping_d2_s1_handclapping_original.avi,1,125,210,handclapping,F
person25_handclapping_d2,person25_handclapping_d2_uncomp.avi,person25_handclapping_d2_s1_handclapping_flip.avi,1,125,210,handclapping,T
person25_handclapping_d2,person25_handclapping_d2_uncomp.avi,person25_handclapping_d2_s2_handclapping_original.avi,2,211,364,handclapping,F
person25_handclapping_d2,person25_handclapping_d2_uncomp.avi,person25_handclapping_d2_s2_handclapping_flip.avi,2,211,364,handclapping,T
person25_handclapping_d2,person25_handclapping_d2_uncomp.avi,person25_handclapping_d2_s3_handclapping_original.avi,3,365,485,handclapping,F
person25_handclapping_d2,person25_handclapping_d2_uncomp.avi,person25_handclapping_d2_s3_handclapping_flip.avi,3,365,485,handclapping,T
person25_handclapping_d3,person25_handclapping_d3_uncomp.avi,person25_handclapping_d3_s0_handclapping_original.avi,0,1,106,handclapping,F
person25_handclapping_d3,person25_handclapping_d3_uncomp.avi,person25_handclapping_d3_s0_handclapping_flip.avi,0,1,106,handclapping,T
person25_handclapping_d3,person25_handclapping_d3_uncomp.avi,person25_handclapping_d3_s1_handclapping_original.avi,1,107,188,handclapping,F
person25_handclapping_d3,person25_handclapping_d3_uncomp.avi,person25_handclapping_d3_s1_handclapping_flip.avi,1,107,188,handclapping,T
person25_handclapping_d3,person25_handclapping_d3_uncomp.avi,person25_handclapping_d3_s2_handclapping_original.avi,2,189,323,handclapping,F
person25_handclapping_d3,person25_handclapping_d3_uncomp.avi,person25_handclapping_d3_s2_handclapping_flip.avi,2,189,323,handclapping,T
person25_handclapping_d3,person25_handclapping_d3_uncomp.avi,person25_handclapping_d3_s3_handclapping_original.avi,3,324,438,handclapping,F
person25_handclapping_d3,person25_handclapping_d3_uncomp.avi,person25_handclapping_d3_s3_handclapping_flip.avi,3,324,438,handclapping,T
person25_handclapping_d4,person25_handclapping_d4_uncomp.avi,person25_handclapping_d4_s0_handclapping_original.avi,0,1,126,handclapping,F
person25_handclapping_d4,person25_handclapping_d4_uncomp.avi,person25_handclapping_d4_s0_handclapping_flip.avi,0,1,126,handclapping,T
person25_handclapping_d4,person25_handclapping_d4_uncomp.avi,person25_handclapping_d4_s1_handclapping_original.avi,1,127,284,handclapping,F
person25_handclapping_d4,person25_handclapping_d4_uncomp.avi,person25_handclapping_d4_s1_handclapping_flip.avi,1,127,284,handclapping,T
person25_handclapping_d4,person25_handclapping_d4_uncomp.avi,person25_handclapping_d4_s2_handclapping_original.avi,2,285,374,handclapping,F
person25_handclapping_d4,person25_handclapping_d4_uncomp.avi,person25_handclapping_d4_s2_handclapping_flip.avi,2,285,374,handclapping,T
person25_handclapping_d4,person25_handclapping_d4_uncomp.avi,person25_handclapping_d4_s3_handclapping_original.avi,3,375,500,handclapping,F
person25_handclapping_d4,person25_handclapping_d4_uncomp.avi,person25_handclapping_d4_s3_handclapping_flip.avi,3,375,500,handclapping,T
person25_handwaving_d1,person25_handwaving_d1_uncomp.avi,person25_handwaving_d1_s0_handwaving_original.avi,0,1,120,handwaving,F
person25_handwaving_d1,person25_handwaving_d1_uncomp.avi,person25_handwaving_d1_s0_handwaving_flip.avi,0,1,120,handwaving,T
person25_handwaving_d1,person25_handwaving_d1_uncomp.avi,person25_handwaving_d1_s1_handwaving_original.avi,1,121,280,handwaving,F
person25_handwaving_d1,person25_handwaving_d1_uncomp.avi,person25_handwaving_d1_s1_handwaving_flip.avi,1,121,280,handwaving,T
person25_handwaving_d1,person25_handwaving_d1_uncomp.avi,person25_handwaving_d1_s2_handwaving_original.avi,2,281,360,handwaving,F
person25_handwaving_d1,person25_handwaving_d1_uncomp.avi,person25_handwaving_d1_s2_handwaving_flip.avi,2,281,360,handwaving,T
person25_handwaving_d1,person25_handwaving_d1_uncomp.avi,person25_handwaving_d1_s3_handwaving_original.avi,3,361,475,handwaving,F
person25_handwaving_d1,person25_handwaving_d1_uncomp.avi,person25_handwaving_d1_s3_handwaving_flip.avi,3,361,475,handwaving,T
person25_handwaving_d2,person25_handwaving_d2_uncomp.avi,person25_handwaving_d2_s0_handwaving_original.avi,0,1,110,handwaving,F
person25_handwaving_d2,person25_handwaving_d2_uncomp.avi,person25_handwaving_d2_s0_handwaving_flip.avi,0,1,110,handwaving,T
person25_handwaving_d2,person25_handwaving_d2_uncomp.avi,person25_handwaving_d2_s1_handwaving_original.avi,1,111,260,handwaving,F
person25_handwaving_d2,person25_handwaving_d2_uncomp.avi,person25_handwaving_d2_s1_handwaving_flip.avi,1,111,260,handwaving,T
person25_handwaving_d2,person25_handwaving_d2_uncomp.avi,person25_handwaving_d2_s2_handwaving_original.avi,2,261,372,handwaving,F
person25_handwaving_d2,person25_handwaving_d2_uncomp.avi,person25_handwaving_d2_s2_handwaving_flip.avi,2,261,372,handwaving,T
person25_handwaving_d2,person25_handwaving_d2_uncomp.avi,person25_handwaving_d2_s3_handwaving_original.avi,3,373,484,handwaving,F
person25_handwaving_d2,person25_handwaving_d2_uncomp.avi,person25_handwaving_d2_s3_handwaving_flip.avi,3,373,484,handwaving,T
person25_handwaving_d3,person25_handwaving_d3_uncomp.avi,person25_handwaving_d3_s0_handwaving_original.avi,0,1,130,handwaving,F
person25_handwaving_d3,person25_handwaving_d3_uncomp.avi,person25_handwaving_d3_s0_handwaving_flip.avi,0,1,130,handwaving,T
person25_handwaving_d3,person25_handwaving_d3_uncomp.avi,person25_handwaving_d3_s1_handwaving_original.avi,1,131,300,handwaving,F
person25_handwaving_d3,person25_handwaving_d3_uncomp.avi,person25_handwaving_d3_s1_handwaving_flip.avi,1,131,300,handwaving,T
person25_handwaving_d3,person25_handwaving_d3_uncomp.avi,person25_handwaving_d3_s2_handwaving_original.avi,2,301,384,handwaving,F
person25_handwaving_d3,person25_handwaving_d3_uncomp.avi,person25_handwaving_d3_s2_handwaving_flip.avi,2,301,384,handwaving,T
person25_handwaving_d3,person25_handwaving_d3_uncomp.avi,person25_handwaving_d3_s3_handwaving_original.avi,3,385,510,handwaving,F
person25_handwaving_d3,person25_handwaving_d3_uncomp.avi,person25_handwaving_d3_s3_handwaving_flip.avi,3,385,510,handwaving,T
person25_handwaving_d4,person25_handwaving_d4_uncomp.avi,person25_handwaving_d4_s0_handwaving_original.avi,0,1,118,handwaving,F
person25_handwaving_d4,person25_handwaving_d4_uncomp.avi,person25_handwaving_d4_s0_handwaving_flip.avi,0,1,118,handwaving,T
person25_handwaving_d4,person25_handwaving_d4_uncomp.avi,person25_handwaving_d4_s1_handwaving_original.avi,1,119,274,handwaving,F
person25_handwaving_d4,person25_handwaving_d4_uncomp.avi,person25_handwaving_d4_s1_handwaving_flip.avi,1,119,274,handwaving,T
person25_handwaving_d4,person25_handwaving_d4_uncomp.avi,person25_handwaving_d4_s2_handwaving_original.avi,2,275,358,handwaving,F
person25_handwaving_d4,person25_handwaving_d4_uncomp.avi,person25_handwaving_d4_s2_handwaving_flip.avi,2,275,358,handwaving,T
person25_handwaving_d4,person25_handwaving_d4_uncomp.avi,person25_handwaving_d4_s3_handwaving_original.avi,3,359,480,handwaving,F
person25_handwaving_d4,person25_handwaving_d4_uncomp.avi,person25_handwaving_d4_s3_handwaving_flip.avi,3,359,480,handwaving,T
person25_jogging_d1,person25_jogging_d1_uncomp.avi,person25_jogging_d1_s0_jogging_original.avi,0,1,58,jogging,F
person25_jogging_d1,person25_jogging_d1_uncomp.avi,person25_jogging_d1_s0_jogging_flip.avi,0,1,58,jogging,T
person25_jogging_d1,person25_jogging_d1_uncomp.avi,person25_empty_d1_s0_jogging_original.avi,1,59,81,empty,F
person25_jogging_d1,person25_jogging_d1_uncomp.avi,person25_empty_d1_s0_jogging_flip.avi,1,59,81,empty,T
person25_jogging_d1,person25_jogging_d1_uncomp.avi,person25_jogging_d1_s1_jogging_original.avi,2,82,138,jogging,F
person25_jogging_d1,person25_jogging_d1_uncomp.avi,person25_jogging_d1_s1_jogging_flip.avi,2,82,138,jogging,T
person25_jogging_d1,person25_jogging_d1_uncomp.avi,person25_empty_d1_s1_jogging_original.avi,3,139,147,empty,F
person25_jogging_d1,person25_jogging_d1_uncomp.avi,person25_empty_d1_s1_jogging_flip.avi,3,139,147,empty,T
person25_jogging_d1,person25_jogging_d1_uncomp.avi,person25_jogging_d1_s2_jogging_original.avi,4,148,200,jogging,F
person25_jogging_d1,person25_jogging_d1_uncomp.avi,person25_jogging_d1_s2_jogging_flip.avi,4,148,200,jogging,T
person25_jogging_d1,person25_jogging_d1_uncomp.avi,person25_empty_d1_s2_jogging_original.avi,5,201,234,empty,F
person25_jogging_d1,person25_jogging_d1_uncomp.avi,person25_empty_d1_s2_jogging_flip.avi,5,201,234,empty,T
person25_jogging_d1,person25_jogging_d1_uncomp.avi,person25_jogging_d1_s3_jogging_original.avi,6,235,284,jogging,F
person25_jogging_d1,person25_jogging_d1_uncomp.avi,person25_jogging_d1_s3_jogging_flip.avi,6,235,284,jogging,T
person25_jogging_d2,person25_jogging_d2_uncomp.avi,person25_jogging_d2_s0_jogging_original.avi,0,1,95,jogging,F
person25_jogging_d2,person25_jogging_d2_uncomp.avi,person25_jogging_d2_s0_jogging_flip.avi,0,1,95,jogging,T
person25_jogging_d2,person25_jogging_d2_uncomp.avi,person25_empty_d2_s0_jogging_original.avi,1,96,119,empty,F
person25_jogging_d2,person25_jogging_d2_uncomp.avi,person25_empty_d2_s0_jogging_flip.avi,1,96,119,empty,T
person25_jogging_d2,person25_jogging_d2_uncomp.avi,person25_jogging_d2_s1_jogging_original.avi,2,120,210,jogging,F
person25_jogging_d2,person25_jogging_d2_uncomp.avi,person25_jogging_d2_s1_jogging_flip.avi,2,120,210,jogging,T
person25_jogging_d2,person25_jogging_d2_uncomp.avi,person25_empty_d2_s1_jogging_original.avi,3,211,271,empty,F
person25_jogging_d2,person25_jogging_d2_uncomp.avi,person25_empty_d2_s1_jogging_flip.avi,3,211,271,empty,T
person25_jogging_d2,person25_jogging_d2_uncomp.avi,person25_jogging_d2_s2_jogging_original.avi,4,272,365,jogging,F
person25_jogging_d2,person25_jogging_d2_uncomp.avi,person25_jogging_d2_s2_jogging_flip.avi,4,272,365,jogging,T
person25_jogging_d2,person25_jogging_d2_uncomp.avi,person25_empty_d2_s2_jogging_original.avi,5,366,391,empty,F
person25_jogging_d2,person25_jogging_d2_uncomp.avi,person25_empty_d2_s2_jogging_flip.avi,5,366,391,empty,T
person25_jogging_d2,person25_jogging_d2_uncomp.avi,person25_jogging_d2_s3_jogging_original.avi,6,392,484,jogging,F
person25_jogging_d2,person25_jogging_d2_uncomp.avi,person25_jogging_d2_s3_jogging_flip.avi,6,392,484,jogging,T
person25_jogging_d3,person25_jogging_d3_uncomp.avi,person25_jogging_d3_s0_jogging_original.avi,0,1,62,jogging,F
person25_jogging_d3,person25_jogging_d3_uncomp.avi,person25_jogging_d3_s0_jogging_flip.avi,0,1,62,jogging,T
person25_jogging_d3,person25_jogging_d3_uncomp.avi,person25_empty_d3_s0_jogging_original.avi,1,63,85,empty,F
person25_jogging_d3,person25_jogging_d3_uncomp.avi,person25_empty_d3_s0_jogging_flip.avi,1,63,85,empty,T
person25_jogging_d3,person25_jogging_d3_uncomp.avi,person25_jogging_d3_s1_jogging_original.avi,2,86,148,jogging,F
person25_jogging_d3,person25_jogging_d3_uncomp.avi,person25_jogging_d3_s1_jogging_flip.avi,2,86,148,jogging,T
person25_jogging_d3,person25_jogging_d3_uncomp.avi,person25_empty_d3_s1_jogging_original.avi,3,149,175,empty,F
person25_jogging_d3,person25_jogging_d3_uncomp.avi,person25_empty_d3_s1_jogging_flip.avi,3,149,175,empty,T
person25_jogging_d3,person25_jogging_d3_uncomp.avi,person25_jogging_d3_s2_jogging_original.avi,4,176,232,jogging,F
person25_jogging_d3,person25_jogging_d3_uncomp.avi,person25_jogging_d3_s2_jogging_flip.avi,4,176,232,jogging,T
person25_jogging_d3,person25_jogging_d3_uncomp.avi,person25_empty_d3_s2_jogging_original.avi,5,233,257,empty,F
person25_jogging_d3,person25_jogging_d3_uncomp.avi,person25_empty_d3_s2_jogging_flip.avi,5,233,257,empty,T
person25_jogging_d3,person25_jogging_d3_uncomp.avi,person25_jogging_d3_s3_jogging_original.avi,6,258,312,jogging,F
person25_jogging_d3,person25_jogging_d3_uncomp.avi,person25_jogging_d3_s3_jogging_flip.avi,6,258,312,jogging,T
person25_jogging_d4,person25_jogging_d4_uncomp.avi,person25_jogging_d4_s0_jogging_original.avi,0,1,70,jogging,F
person25_jogging_d4,person25_jogging_d4_uncomp.avi,person25_jogging_d4_s0_jogging_flip.avi,0,1,70,jogging,T
person25_jogging_d4,person25_jogging_d4_uncomp.avi,person25_empty_d4_s0_jogging_original.avi,1,71,125,empty,F
person25_jogging_d4,person25_jogging_d4_uncomp.avi,person25_empty_d4_s0_jogging_flip.avi,1,71,125,empty,T
person25_jogging_d4,person25_jogging_d4_uncomp.avi,person25_jogging_d4_s1_jogging_original.avi,2,126,190,jogging,F
person25_jogging_d4,person25_jogging_d4_uncomp.avi,person25_jogging_d4_s1_jogging_flip.avi,2,126,190,jogging,T
person25_jogging_d4,person25_jogging_d4_uncomp.avi,person25_empty_d4_s1_jogging_original.avi,3,191,195,empty,F
person25_jogging_d4,person25_jogging_d4_uncomp.avi,person25_empty_d4_s1_jogging_flip.avi,3,191,195,empty,T
person25_jogging_d4,person25_jogging_d4_uncomp.avi,person25_jogging_d4_s2_jogging_original.avi,4,196,260,jogging,F
person25_jogging_d4,person25_jogging_d4_uncomp.avi,person25_jogging_d4_s2_jogging_flip.avi,4,196,260,jogging,T
person25_jogging_d4,person25_jogging_d4_uncomp.avi,person25_empty_d4_s2_jogging_original.avi,5,261,314,empty,F
person25_jogging_d4,person25_jogging_d4_uncomp.avi,person25_empty_d4_s2_jogging_flip.avi,5,261,314,empty,T
person25_jogging_d4,person25_jogging_d4_uncomp.avi,person25_jogging_d4_s3_jogging_original.avi,6,315,380,jogging,F
person25_jogging_d4,person25_jogging_d4_uncomp.avi,person25_jogging_d4_s3_jogging_flip.avi,6,315,380,jogging,T
person25_running_d1,person25_running_d1_uncomp.avi,person25_running_d1_s0_running_original.avi,0,1,42,running,F
person25_running_d1,person25_running_d1_uncomp.avi,person25_running_d1_s0_running_flip.avi,0,1,42,running,T
person25_running_d1,person25_running_d1_uncomp.avi,person25_empty_d1_s0_running_original.avi,1,43,69,empty,F
person25_running_d1,person25_running_d1_uncomp.avi,person25_empty_d1_s0_running_flip.avi,1,43,69,empty,T
person25_running_d1,person25_running_d1_uncomp.avi,person25_running_d1_s1_running_original.avi,2,70,108,running,F
person25_running_d1,person25_running_d1_uncomp.avi,person25_running_d1_s1_running_flip.avi,2,70,108,running,T
person25_running_d1,person25_running_d1_uncomp.avi,person25_empty_d1_s1_running_original.avi,3,109,123,empty,F
person25_running_d1,person25_running_d1_uncomp.avi,person25_empty_d1_s1_running_flip.avi,3,109,123,empty,T
person25_running_d1,person25_running_d1_uncomp.avi,person25_running_d1_s2_running_original.avi,4,124,165,running,F
person25_running_d1,person25_running_d1_uncomp.avi,person25_running_d1_s2_running_flip.avi,4,124,165,running,T
person25_running_d1,person25_running_d1_uncomp.avi,person25_empty_d1_s2_running_original.avi,5,166,191,empty,F
person25_running_d1,person25_running_d1_uncomp.avi,person25_empty_d1_s2_running_flip.avi,5,166,191,empty,T
person25_running_d1,person25_running_d1_uncomp.avi,person25_running_d1_s3_running_original.avi,6,192,232,running,F
person25_running_d1,person25_running_d1_uncomp.avi,person25_running_d1_s3_running_flip.avi,6,192,232,running,T
person25_running_d2,person25_running_d2_uncomp.avi,person25_running_d2_s0_running_original.avi,0,1,72,running,F
person25_running_d2,person25_running_d2_uncomp.avi,person25_running_d2_s0_running_flip.avi,0,1,72,running,T
person25_running_d2,person25_running_d2_uncomp.avi,person25_empty_d2_s0_running_original.avi,1,73,89,empty,F
person25_running_d2,person25_running_d2_uncomp.avi,person25_empty_d2_s0_running_flip.avi,1,73,89,empty,T
person25_running_d2,person25_running_d2_uncomp.avi,person25_running_d2_s1_running_original.avi,2,90,160,running,F
person25_running_d2,person25_running_d2_uncomp.avi,person25_running_d2_s1_running_flip.avi,2,90,160,running,T
person25_running_d2,person25_running_d2_uncomp.avi,person25_empty_d2_s1_running_original.avi,3,161,191,empty,F
person25_running_d2,person25_running_d2_uncomp.avi,person25_empty_d2_s1_running_flip.avi,3,161,191,empty,T
person25_running_d2,person25_running_d2_uncomp.avi,person25_running_d2_s2_running_original.avi,4,192,270,running,F
person25_running_d2,person25_running_d2_uncomp.avi,person25_running_d2_s2_running_flip.avi,4,192,270,running,T
person25_running_d2,person25_running_d2_uncomp.avi,person25_empty_d2_s2_running_original.avi,5,271,285,empty,F
person25_running_d2,person25_running_d2_uncomp.avi,person25_empty_d2_s2_running_flip.avi,5,271,285,empty,T
person25_running_d2,person25_running_d2_uncomp.avi,person25_running_d2_s3_running_original.avi,6,286,360,running,F
person25_running_d2,person25_running_d2_uncomp.avi,person25_running_d2_s3_running_flip.avi,6,286,360,running,T
person25_running_d3,person25_running_d3_uncomp.avi,person25_running_d3_s0_running_original.avi,0,1,48,running,F
person25_running_d3,person25_running_d3_uncomp.avi,person25_running_d3_s0_running_flip.avi,0,1,48,running,T
person25_running_d3,person25_running_d3_uncomp.avi,person25_empty_d3_s0_running_original.avi,1,49,65,empty,F
person25_running_d3,person25_running_d3_uncomp.avi,person25_empty_d3_s0_running_flip.avi,1,49,65,empty,T
person25_running_d3,person25_running_d3_uncomp.avi,person25_running_d3_s1_running_original.avi,2,66,110,running,F
person25_running_d3,person25_running_d3_uncomp.avi,person25_running_d3_s1_running_flip.avi,2,66,110,running,T
person25_running_d3,person25_running_d3_uncomp.avi,person25_empty_d3_s1_running_original.avi,3,111,135,empty,F
person25_running_d3,person25_running_d3_uncomp.avi,person25_empty_d3_s1_running_flip.avi,3,111,135,empty,T
person25_running_d3,person25_running_d3_uncomp.avi,person25_running_d3_s2_running_original.avi,4,136,182,running,F
person25_running_d3,person25_running_d3_uncomp.avi,person25_running_d3_s2_running_flip.avi,4,136,182,running,T
person25_running_d3,person25_running_d3_uncomp.avi,person25_empty_d3_s2_running_original.avi,5,183,199,empty,F
person25_running_d3,person25_running_d3_uncomp.avi,person25_empty_d3_s2_running_flip.avi,5,183,199,empty,T
person25_running_d3,person25_running_d3_uncomp.avi,person25_running_d3_s3_running_original.avi,6,200,248,running,F
person25_running_d3,person25_running_d3_uncomp.avi,person25_running_d3_s3_running_flip.avi,6,200,248,running,T
person25_running_d4,person25_running_d4_uncomp.avi,person25_running_d4_s0_running_original.avi,0,1,55,running,F
person25_running_d4,person25_running_d4_uncomp.avi,person25_running_d4_s0_running_flip.avi,0,1,55,running,T
person25_running_d4,person25_running_d4_uncomp.avi,person25_empty_d4_s0_running_original.avi,1,56,91,empty,F
person25_running_d4,person25_running_d4_uncomp.avi,person25_empty_d4_s0_running_flip.avi,1,56,91,empty,T
person25_running_d4,person25_running_d4_uncomp.avi,person25_running_d4_s1_running_original.avi,2,92,140,running,F
person25_running_d4,person25_running_d4_uncomp.avi,person25_running_d4_s1_running_flip.avi,2,92,140,running,T
person25_running_d4,person25_running_d4_uncomp.avi,person25_empty_d4_s1_running_original.avi,3,141,141,empty,F
person25_running_d4,person25_running_d4_uncomp.avi,person25_empty_d4_s1_running_flip.avi,3,141,141,empty,T
person25_running_d4,person25_running_d4_uncomp.avi,person25_running_d4_s2_running_original.avi,4,142,195,running,F
person25_running_d4,person25_running_d4_uncomp.avi,person25_running_d4_s2_running_flip.avi,4,142,195,running,T
person25_running_d4,person25_running_d4_uncomp.avi,person25_empty_d4_s2_running_original.avi,5,196,239,empty,F
person25_running_d4,person25_running_d4_uncomp.avi,person25_empty_d4_s2_running_flip.avi,5,196,239,empty,T
person25_running_d4,person25_running_d4_uncomp.avi,person25_running_d4_s3_running_original.avi,6,240,294,running,F
person25_running_d4,person25_running_d4_uncomp.avi,person25_running_d4_s3_running_flip.avi,6,240,294,running,T
person25_walking_d1,person25_walking_d1_uncomp.avi,person25_walking_d1_s0_walking_original.avi,0,1,100,walking,F
person25_walking_d1,person25_walking_d1_uncomp.avi,person25_walking_d1_s0_walking_flip.avi,0,1,100,walking,T
person25_walking_d1,person25_walking_d1_uncomp.avi,person25_empty_d1_s0_walking_original.avi,1,101,161,empty,F
person25_walking_d1,person25_walking_d1_uncomp.avi,person25_empty_d1_s0_walking_flip.avi,1,101,161,empty,T
person25_walking_d1,person25_walking_d1_uncomp.avi,person25_walking_d1_s1_walking_original.avi,2,162,256,walking,F
person25_walking_d1,person25_walking_d1_uncomp.avi,person25_walking_d1_s1_walking_flip.avi,2,162,256,walking,T
person25_walking_d1,person25_walking_d1_uncomp.avi,person25_empty_d1_s1_walking_original.avi,3,257,299,empty,F
person25_walking_d1,person25_walking_d1_uncomp.avi,person25_empty_d1_s1_walking_flip.avi,3,257,299,empty,T
person25_walking_d1,person25_walking_d1_uncomp.avi,person25_walking_d1_s2_walking_original.avi,4,300,400,walking,F
person25_walking_d1,person25_walking_d1_uncomp.avi,person25_walking_d1_s2_walking_flip.avi,4,300,400,walking,T
person25_walking_d1,person25_walking_d1_uncomp.avi,person25_empty_d1_s2_walking_original.avi,5,401,473,empty,F
person25_walking_d1,person25_walking_d1_uncomp.avi,person25_empty_d1_s2_walking_flip.avi,5,401,473,empty,T
person25_walking_d1,person25_walking_d1_uncomp.avi,person25_walking_d1_s3_walking_original.avi,6,474,572,walking,F
person25_walking_d1,person25_walking_d1_uncomp.avi,person25_walking_d1_s3_walking_flip.avi,6,474,572,walking,T
person25_walking_d2,person25_walking_d2_uncomp.avi,person25_walking_d2_s0_walking_original.avi,0,1,162,walking,F
person25_walking_d2,person25_walking_d2_uncomp.avi,person25_walking_d2_s0_walking_flip.avi,0,1,162,walking,T
person25_walking_d2,person25_walking_d2_uncomp.avi,person25_empty_d2_s0_walking_original.avi,1,163,191,empty,F
person25_walking_d2,person25_walking_d2_uncomp.avi,person25_empty_d2_s0_walking_flip.avi,1,163,191,empty,T
person25_walking_d2,person25_walking_d2_uncomp.avi,person25_walking_d2_s1_walking_original.avi,2,192,350,walking,F
person25_walking_d2,person25_walking_d2_uncomp.avi,person25_walking_d2_s1_walking_flip.avi,2,192,350,walking,T
person25_walking_d2,person25_walking_d2_uncomp.avi,person25_empty_d2_s1_walking_original.avi,3,351,453,empty,F
person25_walking_d2,person25_walking_d2_uncomp.avi,person25_empty_d2_s1_walking_flip.avi,3,351,453,empty,T
person25_walking_d2,person25_walking_d2_uncomp.avi,person25_walking_d2_s2_walking_original.avi,4,454,632,walking,F
person25_walking_d2,person25_walking_d2_uncomp.avi,person25_walking_d2_s2_walking_flip.avi,4,454,632,walking,T
person25_walking_d2,person25_walking_d2_uncomp.avi,person25_empty_d2_s2_walking_original.avi,5,633,639,empty,F
person25_walking_d2,person25_walking_d2_uncomp.avi,person25_empty_d2_s2_walking_flip.avi,5,633,639,empty,T
person25_walking_d2,person25_walking_d2_uncomp.avi,person25_walking_d2_s3_walking_original.avi,6,640,800,walking,F
person25_walking_d2,person25_walking_d2_uncomp.avi,person25_walking_d2_s3_walking_flip.avi,6,640,800,walking,T
person25_walking_d3,person25_walking_d3_uncomp.avi,person25_walking_d3_s0_walking_original.avi,0,1,106,walking,F
person25_walking_d3,person25_walking_d3_uncomp.avi,person25_walking_d3_s0_walking_flip.avi,0,1,106,walking,T
person25_walking_d3,person25_walking_d3_uncomp.avi,person25_empty_d3_s0_walking_original.avi,1,107,131,empty,F
person25_walking_d3,person25_walking_d3_uncomp.avi,person25_empty_d3_s0_walking_flip.avi,1,107,131,empty,T
person25_walking_d3,person25_walking_d3_uncomp.avi,person25_walking_d3_s1_walking_original.avi,2,132,235,walking,F
person25_walking_d3,person25_walking_d3_uncomp.avi,person25_walking_d3_s1_walking_flip.avi,2,132,235,walking,T
person25_walking_d3,person25_walking_d3_uncomp.avi,person25_empty_d3_s1_walking_original.avi,3,236,279,empty,F
person25_walking_d3,person25_walking_d3_uncomp.avi,person25_empty_d3_s1_walking_flip.avi,3,236,279,empty,T
person25_walking_d3,person25_walking_d3_uncomp.avi,person25_walking_d3_s2_walking_original.avi,4,280,380,walking,F
person25_walking_d3,person25_walking_d3_uncomp.avi,person25_walking_d3_s2_walking_flip.avi,4,280,380,walking,T
person25_walking_d3,person25_walking_d3_uncomp.avi,person25_empty_d3_s2_walking_original.avi,5,381,409,empty,F
person25_walking_d3,person25_walking_d3_uncomp.avi,person25_empty_d3_s2_walking_flip.avi,5,381,409,empty,T
person25_walking_d3,person25_walking_d3_uncomp.avi,person25_walking_d3_s3_walking_original.avi,6,410,520,walking,F
person25_walking_d3,person25_walking_d3_uncomp.avi,person25_walking_d3_s3_walking_flip.avi,6,410,520,walking,T
person25_walking_d4,person25_walking_d4_uncomp.avi,person25_walking_d4_s0_walking_original.avi,0,1,100,walking,F
person25_walking_d4,person25_walking_d4_uncomp.avi,person25_walking_d4_s0_walking_flip.avi,0,1,100,walking,T
person25_walking_d4,person25_walking_d4_uncomp.avi,person25_empty_d4_s0_walking_original.avi,1,101,177,empty,F
person25_walking_d4,person25_walking_d4_uncomp.avi,person25_empty_d4_s0_walking_flip.avi,1,101,177,empty,T
person25_walking_d4,person25_walking_d4_uncomp.avi,person25_walking_d4_s1_walking_original.avi,2,178,295,walking,F
person25_walking_d4,person25_walking_d4_uncomp.avi,person25_walking_d4_s1_walking_flip.avi,2,178,295,walking,T
person25_walking_d4,person25_walking_d4_uncomp.avi,person25_walking_d4_s2_walking_original.avi,3,296,398,walking,F
person25_walking_d4,person25_walking_d4_uncomp.avi,person25_walking_d4_s2_walking_flip.avi,3,296,398,walking,T
person25_walking_d4,person25_walking_d4_uncomp.avi,person25_empty_d4_s1_walking_original.avi,4,399,487,empty,F
person25_walking_d4,person25_walking_d4_uncomp.avi,person25_empty_d4_s1_walking_flip.avi,4,399,487,empty,T
person25_walking_d4,person25_walking_d4_uncomp.avi,person25_walking_d4_s3_walking_original.avi,5,488,592,walking,F
person25_walking_d4,person25_walking_d4_uncomp.avi,person25_walking_d4_s3_walking_flip.avi,5,488,592,walking,T
